3771,1,20180822392832.0,C9 C9 C9 C9 _ _ ,"[1117.797934293747, 1117.9119408130646, 1118.0899510383606, 1118.1659553050995, 1118.4059691429138, 1118.9279990196228, 1119.9090549945831, 1121.0941228866577, 0.7580435276031494, 0.8240475654602051, 1.3780791759490967, 1.5900909900665283, 1.5920913219451904, 1.7200987339019775, 1.8501060009002686, 2.0891196727752686, 2.251128911972046, 2.3441343307495117, 2.472141742706299, 2.601149082183838, 2.745157241821289, 3.0121724605560303, 3.0161726474761963, 3.1441800594329834, 3.2751874923706055, 3.4161953926086426, 3.560203790664673, 3.704211950302124, 3.8682215213775635, 4.0022289752960205, 4.131236553192139, 4.253243446350098, 4.9522833824157715, 5.112292528152466, 5.400309085845947, 5.576318979263306, 5.592320203781128, 5.863335609436035, 5.991343021392822, 6.156352281570435, 6.299360275268555, 6.439368486404419, 6.473370552062988, 6.6153786182403564, 6.7423858642578125, 7.077404975891113, 7.203412294387817, 7.302417755126953]",0,0,1,1
3771,2,20180822392832.0,C8 E8 Gb8 E8 _ _ ,"[0.03500223159790039, 0.06200361251831055, 0.07800459861755371, 0.19601130485534668, 0.4280242919921875, 0.42902445793151855, 0.590033769607544, 0.6560375690460205, 0.7870452404022217, 0.9170525074005127, 1.0680608749389648, 1.2180695533752441, 1.2840735912322998, 1.4120807647705078, 1.5350878238677979, 1.6460940837860107, 1.8351051807403564, 2.046117067337036, 2.15812349319458, 2.4371395111083984, 2.4461400508880615, 2.5751473903656006, 2.734156370162964, 2.8871653079986572, 3.1921825408935547, 3.2941884994506836, 3.3111894130706787, 3.463197946548462, 3.6332077980041504, 3.7232131958007812, 3.8612208366394043, 3.9912281036376953, 4.126236200332642, 4.6162638664245605, 4.776273250579834, 4.925281763076782, 5.085290908813477, 5.213298320770264, 5.357306480407715, 5.692325592041016, 5.852334976196289, 6.036345481872559, 6.8603925704956055, 7.133408069610596, 7.260415315628052]",34,0,-1,0
3771,3,20180822392832.0,Db9 E8 Ab8 Eb8 _ _ ,"[0.241013765335083, 0.2710154056549072, 0.39902281761169434, 0.5370306968688965, 0.6690382957458496, 0.8000459671020508, 0.9670553207397461, 1.169067144393921, 1.31807541847229, 1.5110867023468018, 1.6470942497253418, 1.8231043815612793, 1.9731128215789795, 2.1091208457946777, 2.2231273651123047, 2.3511345386505127, 2.495142698287964, 2.6781532764434814, 2.8041605949401855, 2.9441685676574707, 3.086176633834839, 3.2631866931915283, 3.4221959114074707, 3.6102066040039062, 3.7272133827209473, 3.7422142028808594, 3.8722214698791504, 4.02923059463501, 4.3572492599487305, 4.499257326126099, 6.169353008270264, 6.335362672805786, 7.246414661407471]",22,0,-1,1
3771,4,20180822392832.0,D8 D8 Eb9 C8 _ _ ,"[0.27501559257507324, 0.28801655769348145, 0.40502309799194336, 0.5440311431884766, 0.7050402164459229, 0.7840447425842285, 0.9120521545410156, 1.0400595664978027, 1.183067798614502, 1.4080805778503418, 1.4630837440490723, 1.8411052227020264, 2.1021201610565186, 2.2401280403137207, 2.370135545730591, 2.500143051147461, 2.638150691986084, 2.7831592559814453, 2.9651694297790527, 3.137179374694824, 3.259186267852783, 3.4071948528289795, 3.5512030124664307, 3.697211503982544, 3.8862221240997314, 4.0072290897369385, 4.319247007369995, 4.577261686325073, 4.67126727104187, 5.169295787811279, 5.27930212020874, 5.410309553146362, 5.575318813323975, 6.004343509674072, 6.866392612457275, 6.948397397994995, 7.056403636932373, 7.2294135093688965, 7.342419862747192]",35,0,-1,0
3771,5,20180822392832.0,C9 C9 C9 C9 _ _ ,"[0.15600895881652832, 0.1910107135772705, 0.42002391815185547, 0.4670267105102539, 0.6910393238067627, 0.7560431957244873, 0.8870506286621094, 1.1770672798156738, 1.2220697402954102, 1.3550772666931152, 1.3910794258117676, 1.563089370727539, 1.6540944576263428, 1.7751014232635498, 1.9421110153198242, 2.0801186561584473, 2.1911251544952393, 2.370135545730591, 2.5661466121673584, 3.0711755752563477, 3.3911938667297363, 5.600320100784302, 5.74232816696167, 6.462369441986084, 6.599377393722534, 6.702383279800415, 6.946397066116333, 7.070404291152954, 7.202411651611328, 7.332419157028198, 7.422424554824829]",0,1,-1,0
3771,6,20180822392832.0,C9 C9 C9 C9 _ _ ,"[0.1520085334777832, 0.24301385879516602, 0.35502028465270996, 0.4850277900695801, 0.6150350570678711, 0.727041482925415, 1.1680667400360107, 1.2730727195739746, 1.4610836505889893, 1.5850903987884521, 1.7240984439849854, 1.8641066551208496, 1.9911139011383057, 2.135122060775757, 2.263129234313965, 2.407137393951416, 2.5721471309661865, 2.7081549167633057, 2.840162515640259, 2.968169689178467, 3.12717866897583, 3.2981884479522705, 3.4301960468292236, 3.595205545425415, 3.7582149505615234, 3.8782217502593994, 4.078233242034912, 4.225241422653198, 4.41125226020813, 4.501257419586182, 4.851277589797974, 6.178353309631348, 6.699383020401001, 6.85639214515686, 7.014401197433472, 7.125407457351685, 7.269415616989136, 7.397423028945923]",0,0,1,0
3771,7,20180822392832.0,C9 C9 C9 C9 _ _ ,"[0.36002063751220703, 0.43102478981018066, 0.5590322017669678, 0.7490429878234863, 0.8150467872619629, 0.94305419921875, 1.6140923500061035, 1.7481000423431396, 1.916109561920166, 2.01411509513855, 2.1911253929138184, 2.3251330852508545, 2.4621407985687256, 2.5901482105255127, 2.75915789604187, 2.9191670417785645, 3.0291733741760254, 3.0381736755371094, 3.1931827068328857, 3.329190492630005, 3.486199378967285, 3.6572091579437256, 3.7742159366607666, 3.962226629257202, 4.094234228134155, 4.397251605987549, 4.414252519607544, 4.5922627449035645, 4.769272804260254, 4.782273530960083, 4.943282842636108, 6.352363586425781, 6.479370594024658, 6.6233789920806885, 6.782387971878052]",0,0,1,0
3771,8,20180822392832.0,C9 C9 C9 C9 _ _ ,"[0.06400370597839355, 0.19301104545593262, 0.48102760314941406, 0.6480371952056885, 0.7760446071624756, 0.8480486869812012, 0.9210526943206787, 1.1050631999969482, 1.2770731449127197, 1.2780730724334717, 1.4570834636688232, 1.777101755142212, 1.9441113471984863, 2.0851192474365234, 2.249128818511963, 2.390136957168579, 2.497142791748047, 2.6601521968841553, 2.7771589756011963, 2.9291677474975586, 3.0571749210357666, 3.201183319091797, 3.361192226409912, 3.5052006244659424, 3.6492090225219727, 3.806217908859253, 3.9702272415161133, 4.1522376537323, 4.28924560546875, 4.457255125045776, 4.530259370803833, 4.672267436981201, 4.992285490036011, 5.168295860290527]",0,0,1,0
3771,9,20180822392832.0,C9 C9 C9 C9 _ _ ,"[0.31801795959472656, 0.39902281761169434, 0.5430309772491455, 0.6710383892059326, 0.84004807472229, 1.6950969696044922, 1.9381110668182373, 2.0711185932159424, 2.2021260261535645, 2.3191325664520264, 2.4481399059295654, 2.5911483764648438, 2.762158155441284, 2.894165515899658, 3.0231728553771973, 3.1731812953948975, 3.3111891746520996, 3.470198392868042, 3.6192071437835693, 3.7702157497406006, 3.9922282695770264, 4.085233688354492, 4.2392425537109375, 4.402251720428467, 4.559260606765747, 4.702268838882446, 7.244414329528809, 7.326418876647949]",0,0,1,0
3771,10,20180822392832.0,C9 C9 C9 C9 _ _ ,"[0.0630033016204834, 0.21601223945617676, 0.3350191116333008, 0.8150463104248047, 1.0390591621398926, 1.3740785121917725, 1.4080803394317627, 1.4710841178894043, 1.6150922775268555, 1.7260987758636475, 1.8791072368621826, 1.9971141815185547, 2.2221269607543945, 2.286130666732788, 2.4301388263702393, 2.5741469860076904, 2.741156578063965, 2.9301671981811523, 3.006171941757202, 3.2041831016540527, 3.3261899948120117, 3.6732099056243896, 3.83721923828125, 3.949225664138794, 4.093233823776245, 4.270244121551514, 6.590376615524292, 6.7653868198394775]",0,0,1,0
3771,11,20180822392832.0,Db8 D9 G8 F8 _ _ ,"[0.007000446319580078, 1.06606125831604, 1.1600663661956787, 1.206068992614746, 1.2700726985931396, 1.4140808582305908, 1.686096429824829, 1.8151037693023682, 2.003114700317383, 2.1021203994750977, 2.1181211471557617, 2.247128486633301, 2.4681410789489746, 2.728156089782715, 2.854163408279419, 2.99817156791687, 3.1741814613342285]",25,1,1,0
3771,12,20180822392832.0,Gb8 C8 A8 D8 _ _ ,"[1.2390711307525635, 1.3910796642303467, 1.5250873565673828, 1.6220927238464355, 1.7551004886627197, 1.90610933303833, 2.0931198596954346, 2.164123773574829, 2.2951314449310303, 2.41713809967041, 2.533144950866699, 2.7081549167633057, 2.8371622562408447, 2.967169761657715, 3.09317684173584, 3.253185987472534, 3.4121952056884766, 3.4281961917877197, 3.582205057144165, 3.71521258354187, 4.082233428955078, 4.211241006851196]",31,0,-1,0
3771,13,20180822392832.0,D9 Db8 Bb8 F8 _ _ ,"[1.3670780658721924, 1.4960854053497314, 1.5810902118682861, 1.7230982780456543, 1.8281044960021973, 1.9501113891601562, 2.0761187076568604, 2.2211267948150635, 2.3321332931518555, 2.4781415462493896, 2.618149518966675, 2.771158218383789, 2.9331674575805664, 3.0521745681762695, 3.1961827278137207, 3.3241899013519287, 3.484199047088623, 3.6442084312438965, 3.7882165908813477, 3.934224843978882, 4.088233709335327, 4.296245813369751, 7.251414775848389, 7.340419769287109]",22,0,-1,0
3771,14,20180822392832.0,C9 C9 C9 C9 _ _ ,"[0.04800271987915039, 0.3080177307128906, 0.43802499771118164, 0.6010341644287109, 0.731041669845581, 0.8630495071411133, 0.9430539608001709, 1.0960626602172852, 1.209069013595581, 1.31107497215271, 1.439082145690918, 1.6170926094055176, 1.6950969696044922, 1.8231041431427002, 1.9651124477386475, 2.127121686935425, 2.2231268882751465, 2.5431454181671143, 6.303360462188721, 6.414366960525513, 6.599377393722534, 6.974398851394653]",0,1,-1,0
3771,15,20180822392832.0,C9 C9 C9 C9 _ _ ,"[0.08100461959838867, 0.09700560569763184, 0.22101283073425293, 0.30501747131347656, 0.43302488327026367, 0.6080348491668701, 0.7450428009033203, 0.8470485210418701, 0.9730558395385742, 1.0880622863769531, 1.2180697917938232, 1.3630781173706055, 1.5250873565673828, 1.793102741241455, 1.9201099872589111, 2.3041319847106934, 2.4641411304473877, 2.610149383544922, 2.751157283782959, 2.864163875579834, 3.008172035217285, 3.2411856651306152, 3.328190565109253, 3.479198932647705, 3.6502087116241455, 3.7762160301208496, 3.9742274284362793, 4.11123514175415, 4.303246021270752, 4.4752562046051025, 4.619264364242554, 4.756272077560425, 7.373421907424927]",0,0,1,0
3771,16,20180822392832.0,C9 C9 C9 C9 _ _ ,"[0.0650033950805664, 1.6190924644470215, 1.7741012573242188, 1.9411108493804932, 1.9511113166809082, 2.0791187286376953, 2.2221269607543945, 2.3491342067718506, 2.4781415462493896, 2.622149705886841, 2.777158498764038, 2.89516544342041, 3.0371737480163574, 3.1881821155548096, 3.3301901817321777, 3.485199213027954, 3.6362078189849854, 3.7902166843414307, 3.950225830078125, 4.108234643936157, 4.111234903335571, 4.2532429695129395, 4.414252281188965, 4.541259527206421, 4.706268787384033, 4.845276832580566, 4.86127781867981, 4.989284992218018]",0,0,1,0
3771,17,20180822392832.0,Gb8 Eb8 D9 Gb8 _ _ ,"[0.9470541477203369, 1.065061092376709, 1.3040742874145508, 1.4830846786499023, 1.6040918827056885, 1.683096170425415, 1.8111035823822021, 2.1001203060150146, 2.244128465652466, 2.5791473388671875, 2.761157989501953, 2.883164882659912]",23,1,1,0
3771,18,20180822392832.0,Gb8 Bb8 Gb8 G8 _ _ ,"[0.021001338958740234, 1.443082571029663, 1.5770902633666992, 1.7060976028442383, 1.8441057205200195, 2.1041202545166016, 2.1931257247924805, 2.378136157989502]",19,1,1,0
3771,19,20180822392832.0,D9 C8 G8 B8 _ _ ,"[1.1670668125152588, 1.2180697917938232, 1.2840735912322998, 1.4070804119110107, 1.5290875434875488, 1.658094882965088, 1.7250988483428955, 1.793102502822876, 1.8681070804595947, 1.915109634399414, 2.1951258182525635, 2.271129846572876, 2.400137424468994, 2.530144691467285, 2.7141551971435547, 2.8141610622406006, 2.9531688690185547, 3.094177007675171, 3.230185031890869, 3.3901939392089844, 3.5182013511657715, 3.6642096042633057, 3.822218656539917, 3.950225830078125]",20,1,1,1
3771,20,20180822392832.0,F8 D8 A8 G8 _ _ ,"[0.9110522270202637, 1.0210583209991455, 1.2840733528137207, 1.309074878692627, 1.3730785846710205, 1.5160865783691406, 1.6550946235656738, 2.1721243858337402, 2.295131206512451, 2.4391393661499023, 2.5901482105255127, 2.6841535568237305, 2.8231613636016846, 3.0211727619171143, 3.2731871604919434, 3.3841936588287354, 3.5322020053863525, 3.588205099105835, 3.71521258354187, 3.820218563079834, 3.9792277812957764, 4.1232359409332275, 4.296245813369751, 4.408252239227295, 4.575261831283569, 4.881279230117798]",25,0,-1,0
3771,21,20180822392832.0,G8 Eb8 Gb8 C8 _ _ ,"[1.786102056503296, 1.8331048488616943, 1.899108648300171, 2.538145065307617, 2.73815655708313, 2.7881596088409424, 3.0431740283966064, 3.1471798419952393, 3.243185520172119, 3.3861937522888184, 3.4021944999694824, 3.5312018394470215, 3.6582093238830566, 3.802217483520508, 3.948225736618042]",32,1,1,0
3771,22,20180822392832.0,Eb8 A8 Eb8 Ab8 _ _ ,"[1.087062120437622, 1.1990687847137451, 1.4710841178894043, 1.5830905437469482, 1.6330933570861816, 1.7340991497039795, 1.8231043815612793, 2.159123420715332, 2.269129753112793, 4.7212700843811035, 4.8372766971588135, 4.846277236938477, 4.888279676437378, 5.229299306869507, 5.358306407928467, 5.897337436676025, 5.949340105056763, 5.966341257095337, 6.126350402832031, 6.141351222991943, 6.3973658084869385, 6.797388792037964, 6.846391677856445, 6.919395685195923, 7.04040265083313, 7.133408069610596, 7.310418128967285]",25,1,1,0
3771,23,20180822392832.0,E8 A8 G8 F8 _ _ ,"[0.24901390075683594, 0.25201416015625, 0.36202049255371094, 0.489027738571167, 0.6340360641479492, 0.8110463619232178, 0.8880505561828613, 1.1150636672973633, 1.1290643215179443, 1.2560715675354004, 1.4010798931121826, 1.561089277267456, 1.7060973644256592, 1.8321046829223633, 2.0011143684387207, 2.165123701095581, 2.3291330337524414, 2.408137559890747, 2.5901479721069336, 2.739156723022461, 2.88816499710083]",23,1,1,0
3771,24,20180822392832.0,C9 C9 C9 C9 _ _ ,"[1.4880850315093994, 1.6530945301055908, 1.7430996894836426, 1.8721070289611816, 1.9361107349395752, 2.1931254863739014, 2.246128797531128, 2.38313627243042, 2.496142864227295, 2.6541519165039062, 2.8141610622406006, 2.9151668548583984, 3.0561749935150146, 3.226184606552124, 3.366192579269409, 3.5032005310058594, 3.6652097702026367, 3.823218822479248, 4.352248907089233, 4.525258779525757, 4.607263565063477, 7.390422821044922]",0,0,1,1
3771,25,20180822392832.0,C9 C9 C9 C9 _ _ ,"[0.07200407981872559, 1.7230985164642334, 1.8001031875610352, 1.8561062812805176, 1.9391109943389893, 2.040116786956787, 2.2001259326934814, 2.2961313724517822, 2.408137798309326, 2.5371451377868652, 2.7041549682617188, 2.8111608028411865, 2.9361679553985596, 3.112178087234497, 3.224184513092041, 3.367192506790161, 3.5122010707855225, 3.69421124458313, 3.815218210220337, 3.83121919631958, 3.9832279682159424, 4.119235515594482, 4.419252634048462, 4.743271350860596]",0,0,1,1
3771,26,20180822392832.0,C9 C9 C9 C9 _ _ ,"[1.455082893371582, 1.567089319229126, 1.67909574508667, 1.808103084564209, 1.919109582901001, 2.04811692237854, 2.1911251544952393, 2.304131507873535, 2.431138753890991, 2.5591461658477783, 2.7151551246643066, 2.8311617374420166, 3.018172264099121, 3.135179281234741, 3.263186454772949, 3.4101948738098145, 3.5652036666870117, 3.711211919784546, 4.157237529754639, 4.303246021270752, 4.319246768951416, 4.495257139205933, 4.591262340545654, 4.767272472381592, 6.480370283126831, 6.624378681182861]",0,0,1,0
3771,27,20180822392832.0,B8 Db8 C8 Ab8 _ _ ,"[1.5370879173278809, 1.6520943641662598, 1.7771015167236328, 1.90510892868042, 2.0981199741363525, 2.1941256523132324, 2.27413010597229, 2.5771474838256836, 2.747157335281372]",28,1,1,0
3771,28,20180822392832.0,Gb8 C9 F8 Db8 _ _ ,"[1.9601118564605713, 2.041116714477539, 2.169124126434326, 2.2981314659118652, 2.4251387119293213, 2.5691468715667725, 2.7061545848846436, 2.885164737701416, 3.0211727619171143, 3.1531801223754883]",24,1,1,0
3771,29,20180822392832.0,Eb8 C8 D9 Eb9 _ _ ,"[1.9511117935180664, 2.0631182193756104, 2.1931257247924805, 2.3231329917907715, 2.4791419506073]",26,1,1,0
3771,30,20180822392832.0,E8 C8 D8 Bb8 _ _ ,"[1.2640721797943115, 1.4260814189910889, 1.5030858516693115, 1.6290929317474365, 1.7661008834838867, 1.8961081504821777, 2.0841190814971924, 2.2111265659332275, 2.2401280403137207, 2.406137466430664, 2.5661468505859375, 2.640151023864746, 2.768158197402954, 2.9111664295196533, 3.0701754093170166, 3.219184160232544, 3.375192642211914, 3.5222012996673584, 3.6482086181640625, 3.7942168712615967, 4.239242315292358, 4.472255706787109, 4.532258987426758, 4.543259620666504, 4.722269773483276, 4.8552775382995605, 4.99128532409668]",32,0,-1,0
3771,31,20180822392832.0,C9 C9 C9 C9 _ _ ,"[2.1041202545166016, 2.1841249465942383, 2.272130012512207, 2.401137351989746, 2.528144598007202, 2.6711528301239014, 2.8041605949401855, 2.9281673431396484, 3.0841763019561768, 3.231184959411621, 3.36019229888916, 3.5062005519866943, 3.6472086906433105, 3.7912168502807617, 3.935225009918213, 4.095234394073486, 4.287245273590088, 4.410252332687378, 4.559260606765747, 4.695268630981445, 5.009286642074585]",0,0,1,0
3771,32,20180822392832.0,C9 C9 C9 C9 _ _ ,"[0.013000726699829102, 0.2540144920349121, 0.3350188732147217, 1.4620835781097412, 1.560089111328125, 1.6560947895050049, 1.6590948104858398, 1.8261044025421143, 2.0911195278167725, 2.3151323795318604, 2.4431395530700684, 2.621150016784668, 2.7191555500030518, 2.859163284301758, 3.0841763019561768, 3.1841819286346436, 3.2921881675720215, 3.451197385787964, 3.595205545425415, 3.7722156047821045, 3.9062232971191406, 4.040231227874756, 4.187239408493042, 4.349248647689819, 4.496257066726685, 4.668267011642456, 4.804274559020996, 4.99828577041626]",0,0,1,0
3771,33,20180822392832.0,C9 C9 C9 C9 _ _ ,"[1.8781073093414307, 1.9441111087799072, 2.0751185417175293, 2.2061262130737305, 2.3411338329315186, 2.4411396980285645, 2.5721468925476074, 2.739156723022461, 2.840162515640259, 3.011172294616699, 3.1431798934936523, 3.2771873474121094, 3.4201955795288086, 3.5582034587860107, 3.695211410522461, 3.83721923828125, 3.9772274494171143, 4.120235443115234, 4.424252986907959, 4.573261499404907, 4.71226954460144]",0,0,1,0
3771,34,20180822392832.0,Gb8 D8 Gb8 B8 _ _ ,"[1.7761013507843018, 1.8881077766418457, 2.016115188598633, 2.143122434616089, 2.279129981994629, 2.420138120651245]",23,1,1,0
3771,35,20180822392832.0,E8 Bb8 G8 Ab8 _ _ ,"[0.9260528087615967, 1.1320645809173584, 1.199068546295166, 1.328075885772705, 1.4550831317901611, 1.5890905857086182, 1.7190980911254883, 1.788102149963379, 1.9411108493804932, 1.9911136627197266, 2.1311216354370117, 2.273129940032959, 2.379136085510254, 2.544145345687866, 2.621149778366089, 2.878164529800415, 2.893165349960327, 3.0491743087768555, 3.213183641433716, 3.4061946868896484, 3.5012001991271973, 3.6702098846435547, 3.965226888656616, 6.382364988327026]",19,0,-1,0
3771,36,20180822392832.0,A8 Eb8 G8 D9 _ _ ,"[1.5300874710083008, 1.6050915718078613, 1.7350990772247314, 1.8651068210601807, 1.9751129150390625, 2.0961198806762695, 2.5621466636657715, 2.7031545639038086, 2.847162961959839, 2.974170207977295, 3.118178367614746, 3.2781875133514404, 3.4281961917877197, 3.598205804824829, 3.7592148780822754, 3.8862221240997314, 4.050231695175171, 4.3642497062683105, 4.505257606506348, 4.636265277862549]",19,0,-1,0
3771,37,20180822392832.0,E8 Db9 F8 C9 _ _ ,"[1.2750728130340576, 1.541088342666626, 1.6380937099456787, 1.686096429824829, 1.7500998973846436, 1.8781073093414307, 1.9951140880584717, 2.2071263790130615, 2.284130573272705, 2.3581347465515137, 2.486142158508301, 2.630150318145752, 2.849163055419922, 2.9181668758392334, 3.0461742877960205, 3.207183361053467, 3.334190607070923, 3.478199005126953, 3.682210683822632, 3.7662155628204346, 3.9102237224578857, 4.10423469543457, 4.300246000289917, 4.431253433227539, 4.565261125564575]",16,0,-1,0
3771,38,20180822392832.0,C9 C9 C9 C9 _ _ ,"[1.1840674877166748, 1.2860732078552246, 1.3960795402526855, 1.5080859661102295, 1.6230926513671875, 1.7490997314453125, 1.8921079635620117, 2.0051143169403076, 2.2061259746551514]",0,1,-1,0
3771,39,20180822392832.0,C9 C9 C9 C9 _ _ ,"[1.7751014232635498, 1.8881077766418457, 2.150122880935669, 2.282130479812622, 2.412137985229492, 2.544145345687866, 2.640150785446167, 2.8071606159210205, 2.975170135498047, 3.1991827487945557, 3.232184886932373, 3.370192527770996, 3.502200126647949, 3.6472084522247314, 3.850219964981079, 3.943225383758545, 4.113235235214233, 4.257243394851685, 4.437253713607788, 4.570261240005493]",0,0,1,0
3771,40,20180822392832.0,C9 C9 C9 C9 _ _ ,"[1.5980913639068604, 1.7000970840454102, 1.8281042575836182, 2.0131149291992188, 2.0901196002960205, 2.2011258602142334, 2.3351333141326904, 2.4671409130096436, 2.6091489791870117, 2.74515700340271, 2.880164861679077, 3.017172336578369, 3.1561803817749023, 3.3001885414123535, 3.48219895362854, 3.606206178665161, 3.7482144832611084, 4.055231809616089, 4.222241401672363, 4.3662495613098145, 4.53425931930542]",0,0,1,0
3771,41,20180822392832.0,C9 C9 C9 C9 _ _ ,"[0.06700396537780762, 0.2130122184753418, 1.5980916023254395, 1.799103021621704, 1.9971144199371338, 2.0851192474365234, 2.2201271057128906, 2.3531346321105957, 2.485142230987549, 2.5981485843658447, 2.733156442642212, 2.8681640625, 3.218184232711792, 3.4101951122283936, 3.450197458267212, 3.588205337524414, 3.8992230892181396, 4.020229816436768, 4.180239200592041, 4.387250900268555, 4.4842565059661865, 4.642265558242798, 4.81427526473999]",0,0,1,0
3771,42,20180822392832.0,Eb9 Eb8 Eb8 F8 _ _ ,"[1.4720840454101562, 1.5240869522094727, 1.6430938243865967, 1.7611007690429688, 1.8601064682006836, 1.9871137142181396, 2.1151208877563477, 2.263129234313965, 2.3551344871520996, 2.498142957687378, 2.629150390625, 2.763157844543457, 2.8991658687591553, 3.0471742153167725, 3.1881821155548096, 3.336190938949585, 3.4911997318267822, 3.6512088775634766, 3.957226037979126, 4.094233989715576, 4.22724175453186, 4.2432427406311035, 4.39725136756897, 4.544259786605835, 4.897280216217041]",28,0,-1,0
3771,43,20180822392832.0,Db9 Eb8 Eb8 C9 _ _ ,"[0.16400933265686035, 1.3630778789520264, 1.4750845432281494, 1.6030917167663574, 1.7631008625030518, 1.8431055545806885, 2.1191210746765137, 2.2181267738342285, 2.3401339054107666, 2.4851419925689697, 2.6631522178649902, 2.755157470703125, 2.883164882659912, 3.0591747760772705, 3.1921825408935547, 3.459197998046875, 3.6612093448638916, 3.7602150440216064, 4.066232442855835, 4.2432427406311035]",19,0,-1,0
3771,44,20180822392832.0,Eb8 Gb8 E8 F8 _ _ ,"[0.83304762840271, 0.9270532131195068, 1.07206130027771, 1.1040630340576172, 1.203068733215332, 1.3350763320922852, 1.439082384109497, 1.551088571548462, 1.68009614944458, 1.8931083679199219, 2.1301217079162598, 2.2231271266937256, 2.3321335315704346, 2.4381394386291504, 2.5751473903656006, 2.7061548233032227, 2.964169502258301, 3.006171941757202, 3.2781875133514404, 3.4231956005096436, 3.713212490081787, 3.8602206707000732, 4.034230709075928, 4.318246841430664, 4.494256973266602, 7.406423568725586]",30,0,-1,0
3771,45,20180822392832.0,Eb8 D9 Eb8 Eb8 _ _ ,"[1.2610721588134766, 1.3300762176513672, 1.4480829238891602, 1.555088996887207, 1.6830964088439941, 1.8211042881011963, 1.9201099872589111, 2.0631182193756104, 2.2221271991729736, 2.3351337909698486]",29,1,1,0
3771,46,20180822392832.0,A8 D9 C8 Eb8 _ _ ,"[1.0060572624206543, 1.2510714530944824, 1.3750784397125244, 1.4920852184295654, 1.6030917167663574, 1.7310991287231445, 1.8611063957214355, 1.9711124897003174, 2.1971254348754883, 2.2271270751953125, 2.3551347255706787, 2.4831416606903076, 2.611149311065674, 2.8191609382629395, 3.021172523498535, 3.0271730422973633, 3.240185260772705, 3.459197521209717, 3.604206085205078, 3.808217763900757, 3.938225030899048, 4.081233263015747, 4.227241516113281, 4.400251626968384]",26,0,-1,0
3771,47,20180822392832.0,Eb8 C8 D8 C9 _ _ ,"[1.4960854053497314, 1.6120920181274414, 1.7220983505249023, 1.8321046829223633, 2.1131210327148438, 2.1851251125335693, 2.3171324729919434, 2.4431395530700684, 2.5841476917266846, 2.7121551036834717, 2.8411624431610107, 2.983170509338379, 3.1631805896759033, 3.460197687149048, 3.6372079849243164, 3.719212770462036, 3.8632209300994873, 4.01522970199585, 4.311246395111084, 4.454254865646362, 4.789273738861084]",31,0,-1,0
3771,48,20180822392832.0,D9 F8 Db8 G8 _ _ ,"[0.8750498294830322, 0.9800560474395752, 1.1090633869171143, 1.2500715255737305, 1.3700783252716064, 1.4840848445892334, 1.6200926303863525, 1.7350993156433105, 1.8431055545806885, 2.127121686935425, 2.2271273136138916, 2.375135898590088, 2.500143051147461, 2.614149570465088, 2.7851593494415283, 2.867163896560669, 3.012172222137451, 3.1391794681549072, 3.3231899738311768, 3.460197925567627, 3.724212884902954, 3.855220317840576, 3.9872281551361084, 4.275244474411011, 4.5952630043029785, 4.770272731781006, 6.067347049713135]",25,0,-1,0
3771,49,20180822392832.0,Eb9 G8 C8 C9 _ _ ,"[1.8391051292419434, 2.1911251544952393, 2.2981314659118652, 2.4251387119293213, 2.5511460304260254, 2.6821534633636475, 2.8071606159210205, 2.9351677894592285, 3.096176862716675, 3.24418568611145, 3.3881938457489014, 3.5272018909454346, 3.6712100505828857, 3.695211172103882, 3.799217462539673, 3.9712271690368652, 4.101234436035156, 4.231241941452026, 4.4922566413879395, 4.559260606765747, 4.693268537521362]",20,0,-1,1
3771,50,20180822392832.0,C9 C9 C9 C9 _ _ ,"[1.7200982570648193, 1.790102243423462, 1.91910982131958, 2.04111647605896, 2.1861250400543213, 2.3711354732513428, 2.4451398849487305, 2.542145252227783, 2.6701526641845703, 2.853163242340088, 2.9611692428588867, 3.0701754093170166, 3.215183734893799, 3.341191053390503, 3.485199213027954, 3.6312077045440674, 3.7572147846221924, 3.9012231826782227, 4.061232328414917, 4.093234062194824, 4.20624041557312, 4.334247827529907, 4.500257253646851, 4.6232640743255615, 4.782273530960083, 4.925281524658203, 5.98134183883667, 7.032402038574219, 7.166409969329834]",0,0,1,1
3771,51,20180822392832.0,C9 C9 C9 C9 _ _ ,"[0.957054615020752, 1.0680608749389648, 1.1770672798156738, 1.2300703525543213, 1.2940738201141357, 1.432081937789917, 1.5820903778076172, 1.805103063583374, 1.8721070289611816, 1.9371106624603271, 2.0671181678771973, 2.1791248321533203, 2.384136438369751, 2.497142791748047, 2.5731470584869385, 2.7171552181243896, 2.9001657962799072, 3.0331735610961914, 3.1671810150146484, 3.2971885204315186, 3.455197334289551, 3.5212013721466064, 3.585205078125, 3.717212438583374, 3.9052233695983887, 4.031230449676514, 4.165237903594971, 4.301245927810669, 4.457254886627197, 4.6052632331848145, 6.491371154785156]",0,0,1,1
3771,52,20180822392832.0,C9 C9 C9 C9 _ _ ,"[1.3910796642303467, 1.5190868377685547, 1.6310932636260986, 1.775101661682129, 1.8881080150604248, 2.154123306274414, 2.3171324729919434, 2.4251387119293213, 2.5581462383270264, 2.655151844024658, 2.8231616020202637, 3.0241730213165283, 3.092176914215088, 3.2611865997314453, 3.359192371368408, 3.5092008113861084, 3.5192012786865234, 3.6482086181640625, 3.7812161445617676, 3.919224262237549, 4.079233646392822, 4.223241806030273, 4.389250993728638, 4.605263710021973, 4.625264644622803, 6.686382532119751, 7.313418388366699]",0,0,1,0
3771,53,20180822392832.0,C9 Ab8 F8 C8 _ _ ,"[1.6100921630859375, 1.675095796585083, 1.792102336883545, 1.910109281539917, 2.2161266803741455, 2.416137933731079, 2.5551459789276123, 2.6871538162231445, 2.7841591835021973, 2.9471685886383057, 3.119178295135498, 3.206183433532715, 3.360192060470581, 3.490199565887451, 3.6542091369628906, 3.7432141304016113, 3.968226909637451, 4.035230875015259, 4.319247245788574, 4.447254419326782, 4.591262578964233, 4.78727388381958, 4.94428277015686, 5.038288116455078, 6.001343250274658]",23,1,1,1
3771,54,20180822392832.0,Eb9 F8 E8 D9 _ _ ,"[1.654094934463501, 1.78310227394104, 1.8781075477600098, 2.148122787475586, 2.2141265869140625, 2.362135410308838, 2.508143663406372, 2.5821478366851807, 2.726155996322632, 2.979170560836792, 3.0221729278564453, 3.1561806201934814, 3.4221956729888916, 3.554203510284424, 3.685210943222046, 3.799217462539673, 4.124236106872559, 4.230242013931274, 4.407252311706543, 4.520258665084839, 4.823276042938232, 4.961283922195435, 6.9773993492126465, 7.118407249450684, 7.19141149520874, 7.378422021865845]",20,0,-1,1
3771,55,20180822392832.0,C8 Eb8 G8 Db8 _ _ ,"[0.09600520133972168, 0.24201393127441406, 0.3720211982727051, 0.5030286312103271, 0.7630434036254883, 0.8800504207611084, 0.9920568466186523, 1.1040632724761963, 1.2320704460144043, 1.3600778579711914, 1.4740843772888184, 1.6000912189483643, 1.7320990562438965, 1.8401050567626953, 2.0961196422576904, 2.2251274585723877, 2.3651351928710938, 2.510143518447876, 2.608149290084839, 2.75215744972229, 2.873164176940918, 3.0401737689971924, 3.1931827068328857, 3.328190326690674, 3.4411966800689697, 3.6162068843841553, 3.7432141304016113, 4.031230688095093, 4.320246934890747, 4.463255167007446, 4.658266544342041, 4.9592835903167725, 6.852391958236694, 6.975398778915405]",37,0,-1,0
3771,56,20180822392832.0,Db8 G8 B8 Eb9 _ _ ,"[0.09600543975830078, 0.6730384826660156, 0.7870450019836426, 0.9070518016815186, 1.0410597324371338, 1.1720669269561768, 1.2810730934143066, 1.542088270187378, 1.553088903427124, 1.6920967102050781, 1.8301045894622803, 2.139122486114502, 2.2091264724731445, 2.3391337394714355, 2.5921483039855957, 2.7201554775238037, 2.864163637161255, 3.009171962738037, 3.1581807136535645, 3.4401967525482178, 3.569204330444336, 3.7322134971618652, 3.8872222900390625, 4.020230054855347, 4.159237861633301, 4.303246021270752, 6.5033721923828125, 7.343420028686523]",20,0,-1,0
3771,57,20180822392832.0,C9 C9 C9 C9 _ _ ,"[0.06400394439697266, 1.443082571029663, 1.5660898685455322, 1.6400940418243408, 1.7681012153625488, 1.918109655380249, 2.020115852355957, 2.2121267318725586, 2.239128351211548, 2.398137331008911, 2.528144598007202, 2.6591522693634033, 2.8151612281799316, 2.9141669273376465, 3.071176052093506, 3.199183225631714, 3.358192205429077, 3.5112011432647705, 3.6352078914642334, 3.6462085247039795, 3.7912168502807617, 3.919224262237549, 4.063232660293579, 4.206240892410278, 4.4682557582855225, 4.496257305145264, 4.651266098022461, 4.798274517059326, 7.401423454284668]",0,0,1,0
3771,58,20180822392832.0,C9 C9 C9 C9 _ _ ,"[1.2740726470947266, 1.4020800590515137, 1.6280930042266846, 1.7541003227233887, 2.149122953414917, 2.150122880935669, 2.282130718231201, 2.378135919570923, 2.5441455841064453, 2.6661524772644043, 2.7941598892211914, 3.12117862701416, 3.1371796131134033, 3.229184627532959, 3.374192953109741, 3.5292017459869385, 3.6612093448638916, 3.946225643157959, 4.2522430419921875, 4.432253360748291, 7.176410436630249, 7.273416042327881]",0,0,1,0
3771,59,20180822392832.0,C9 C9 C9 C9 _ _ ,"[0.07900428771972656, 0.22301244735717773, 0.5430309772491455, 0.5910336971282959, 1.0390594005584717, 1.1510658264160156, 1.21506929397583, 1.2790729999542236, 1.5350878238677979, 1.8391048908233643, 1.903108835220337, 1.9511115550994873, 2.051117181777954, 2.17812442779541, 2.271129846572876, 2.4331390857696533, 2.5431454181671143, 2.6711525917053223, 2.8001599311828613, 2.9431681632995605, 3.0871763229370117, 3.231184720993042, 3.376193046569824, 3.5062005519866943, 3.6642093658447266, 3.934224843978882, 4.078233003616333, 4.2672438621521, 4.397251605987549, 4.509258031845093, 4.669266939163208, 4.8432769775390625]",0,0,1,0
3771,60,20180822392832.0,C9 C9 C9 C9 _ _ ,"[1.4720842838287354, 1.6020915508270264, 1.7350990772247314, 1.7611007690429688, 1.9471111297607422, 1.9521114826202393, 2.064117908477783, 2.2501285076141357, 2.3741354942321777, 2.4401395320892334, 2.5751471519470215, 2.7151551246643066, 2.8311617374420166, 2.9751698970794678, 3.120178461074829, 3.247185707092285, 3.4221956729888916, 3.5362021923065186, 3.6792104244232178, 3.807217597961426, 3.968226671218872, 4.103234529495239, 4.230241775512695, 4.2392425537109375, 4.3672497272491455, 4.52725887298584, 4.692268371582031, 4.89628005027771, 4.977284669876099, 5.143293857574463, 5.312303781509399, 6.079347610473633, 6.22035551071167, 6.383365154266357]",0,0,1,0
3771,61,20180822392832.0,C9 C9 C9 C9 _ _ ,"[1.2360706329345703, 1.2880735397338867, 1.3510770797729492, 1.4960856437683105, 1.5740900039672852, 1.7020971775054932, 1.7581005096435547, 1.8301045894622803, 2.3271329402923584, 2.4381394386291504, 2.5841476917266846, 2.7101547718048096, 2.858163595199585, 2.998171329498291, 3.1601808071136475, 3.2861878871917725, 3.4291961193084717, 3.5632035732269287, 3.7562148571014404, 3.8772215843200684, 4.077233076095581, 4.388250827789307, 4.4782562255859375, 4.618264198303223]",0,0,1,0
3771,62,20180822392832.0,D9 D9 D9 Db8 _ _ ,"[1.4580836296081543, 1.5700898170471191, 1.8541059494018555, 1.9621121883392334, 2.152122974395752, 2.287130832672119, 2.291131019592285, 2.4571406841278076, 2.624150276184082, 2.722155809402466, 2.8181612491607666, 2.991171360015869, 3.091176986694336, 3.2651867866516113, 3.4131951332092285, 3.5232014656066895, 3.725213050842285, 3.807217836380005, 3.960226535797119, 4.0082292556762695, 4.081233501434326, 4.209240674972534, 4.378250360488892, 4.539259910583496, 4.677267551422119]",17,0,-1,0
3771,63,20180822392832.0,Bb8 Ab8 Bb8 Eb8 _ _ ,"[1.193068265914917, 1.2660725116729736, 1.3980798721313477, 1.4920854568481445, 1.6270928382873535, 1.7320990562438965, 1.8561062812805176, 1.9871137142181396, 2.0831191539764404, 2.2111265659332275, 2.3391337394714355, 2.4661412239074707, 2.624150037765503, 2.758157730102539, 2.883164882659912, 3.0271730422973633, 3.2641866207122803, 3.3851935863494873, 3.453197479248047, 3.591205358505249, 3.602205991744995, 3.9122235774993896, 4.058232069015503, 4.224241495132446, 4.345248460769653]",17,0,-1,0
3771,64,20180822392832.0,D8 Bb8 Eb9 B8 _ _ ,"[1.1830675601959229, 1.312074899673462, 1.3900794982910156, 1.5180869102478027, 1.6370935440063477, 1.6470942497253418, 1.7581005096435547, 1.8161039352416992, 1.8911080360412598, 2.04211688041687, 2.2071261405944824, 2.263129234313965, 2.396136999130249, 2.5611462593078613, 2.730156183242798, 2.8141608238220215, 2.9581689834594727]",16,1,1,0
3771,65,20180822392832.0,C9 C9 C9 C9 _ _ ,"[1.445082664489746, 1.556089162826538, 1.7220983505249023, 1.8211040496826172, 1.8441054821014404, 1.9361107349395752, 2.040116786956787, 2.2051260471343994, 2.265129804611206, 2.4321391582489014, 2.5641467571258545, 2.659152030944824, 2.7871594429016113, 2.9311678409576416, 3.1411795616149902, 3.208183526992798, 3.3871939182281494, 3.5102007389068604, 3.6662096977233887, 3.7922167778015137, 3.796217203140259, 3.964226722717285, 4.067232847213745, 4.2402424812316895, 4.400251626968384, 4.534259557723999, 4.708269357681274]",0,0,1,0
3771,66,20180822392832.0,C9 C9 C9 C9 _ _ ,"[1.1370651721954346, 1.2550716400146484, 1.2940740585327148, 1.3540773391723633, 1.4100806713104248, 1.6090919971466064, 1.7210984230041504, 1.8531062602996826, 2.1051204204559326, 2.244128465652466, 2.401137351989746, 2.4721415042877197, 2.620150089263916, 2.7791590690612793, 2.9191670417785645, 3.017172336578369, 3.1451799869537354, 3.344191312789917, 3.4321963787078857, 3.59220552444458, 3.7432141304016113, 3.8802218437194824, 4.071233034133911, 4.2402427196502686, 4.3752501010894775, 4.504257678985596, 4.985285043716431, 5.12829327583313, 7.134408235549927]",0,0,1,0
3771,67,20180822392832.0,C9 C9 C9 C9 _ _ ,"[1.4120805263519287, 1.545088291168213, 1.6470942497253418, 1.7601006031036377, 1.8881080150604248, 2.01411509513855, 2.662152051925659, 2.8001599311828613, 2.9271674156188965, 3.0541746616363525, 3.215183734893799, 3.36019229888916, 3.488199234008789, 3.6312077045440674, 3.7902166843414307, 3.935225009918213, 3.951225757598877, 4.064232349395752, 4.207240581512451, 4.222241401672363, 4.353248834609985, 4.552260160446167, 4.656266212463379, 4.81427526473999, 7.330419063568115]",0,0,1,0
3771,68,20180822392832.0,C9 C9 C9 C9 _ _ ,"[1.2640721797943115, 1.4440827369689941, 1.4890851974487305, 1.7420995235443115, 1.8401050567626953, 1.9611120223999023, 2.0801186561584473, 2.2081260681152344, 2.409137725830078, 2.490142345428467, 2.5761470794677734, 2.749157190322876, 2.851162910461426, 2.976170301437378, 3.1791818141937256, 3.2641866207122803, 3.4271957874298096, 3.559203624725342, 3.696211338043213, 4.0002288818359375, 4.144237041473389, 4.272244215011597, 4.439253807067871, 4.559260606765747, 4.719269752502441, 5.052288770675659, 6.735384941101074]",0,0,1,1
3771,69,20180822392832.0,C9 C9 C9 C9 _ _ ,"[1.2870736122131348, 1.3730783462524414, 1.5190870761871338, 1.6570947170257568, 1.7601008415222168, 2.247128486633301, 2.39613676071167, 2.510143518447876, 2.648151397705078, 2.771158456802368, 2.9091665744781494, 3.0591750144958496, 3.1951828002929688, 3.3271901607513428, 3.5062005519866943, 3.6272072792053223, 3.7922170162200928, 3.8992228507995605, 4.04923152923584, 4.203240394592285, 4.3572492599487305, 4.476255893707275, 4.635265111923218, 4.783273696899414, 4.923281669616699, 5.055289030075073]",0,0,1,0
3771,70,20180822392832.0,C9 C9 C9 C9 _ _ ,"[1.3280761241912842, 1.42108154296875, 1.8311049938201904, 2.1901254653930664, 2.1911256313323975, 2.3161327838897705, 2.4121384620666504, 2.5401456356048584, 2.6921541690826416, 2.8121612071990967, 2.9431686401367188, 3.085176706314087, 3.2511863708496094, 3.5172014236450195, 3.66120982170105, 3.804218053817749, 3.9642269611358643, 4.12523627281189, 4.252243518829346, 4.397251605987549, 4.669267416000366, 4.988285541534424]",0,0,1,0
3771,71,20180822392832.0,Db8 C9 C8 C8 _ _ ,"[1.5360877513885498, 1.6530942916870117, 1.8341047763824463, 1.9011082649230957, 2.0151147842407227, 2.149122714996338, 2.2661292552948, 2.416137933731079, 2.4951424598693848, 2.79215931892395, 3.0631749629974365, 3.2001826763153076, 3.215183734893799, 3.3271901607513428, 3.481199026107788, 3.616206407546997, 3.7792158126831055, 3.9102234840393066, 4.032230377197266, 4.207240343093872, 4.351248741149902, 4.48625636100769, 4.64326548576355, 6.597377061843872, 6.733384847640991, 6.866392374038696, 7.062403678894043]",35,0,-1,1
3771,72,20180822392832.0,Db9 C9 Gb8 D8 _ _ ,"[1.3590776920318604, 1.7330989837646484, 1.7751014232635498, 1.8231041431427002, 2.0761187076568604, 2.1931252479553223, 2.3601348400115967, 2.495142698287964, 2.5751471519470215, 2.7011544704437256, 2.8331620693206787, 2.963169574737549, 2.974169969558716, 3.102177143096924, 3.2881882190704346, 3.5342020988464355, 3.6632094383239746, 3.838219404220581, 3.960226535797119, 4.1242358684539795, 4.251243352890015, 4.429253339767456, 4.541259765625, 4.654266119003296, 4.983284950256348]",17,0,-1,0
3771,73,20180822392832.0,Gb8 C8 Gb8 Db9 _ _ ,"[0.0870048999786377, 0.25201416015625, 0.2630147933959961, 0.4000227451324463, 1.431081771850586, 1.5410878658294678, 1.687096357345581, 1.7661008834838867, 1.921109676361084, 2.019115447998047, 2.166123628616333, 2.2491283416748047, 2.373135566711426, 2.518143892288208, 2.629150390625, 2.773158550262451, 2.903165817260742, 3.0611748695373535, 3.0781760215759277, 3.1931824684143066, 3.4151949882507324, 3.480198860168457, 3.589205265045166, 3.733213424682617, 3.8782217502593994, 4.0052289962768555, 4.293245315551758, 4.422252655029297, 4.627264499664307, 4.755271911621094]",25,0,-1,0
3771,74,20180822392832.0,D8 Eb9 Eb8 Eb9 _ _ ,"[1.5110864639282227, 1.5230870246887207, 1.6570947170257568, 1.7470998764038086, 1.8751072883605957, 2.0021145343780518, 2.0991199016571045, 2.2241270542144775, 2.3671352863311768, 2.483142137527466, 2.623149871826172, 2.744156837463379, 2.890165328979492, 3.000171661376953, 3.1441798210144043, 3.2831876277923584, 3.4151952266693115, 3.4271960258483887, 3.567203998565674, 3.698211431503296, 3.821218490600586, 4.059232234954834, 4.099234342575073, 4.275244474411011, 4.403251886367798, 4.565261125564575, 4.701268911361694]",25,0,-1,0
3771,75,20180822392832.0,C9 C9 C9 C9 _ _ ,"[1.549088716506958, 1.670095682144165, 1.7691013813018799, 1.8911082744598389, 2.024116039276123, 2.131121873855591, 2.277130603790283, 2.359135150909424, 2.483142137527466, 2.615149974822998, 2.748157501220703, 2.8871655464172363, 3.0311737060546875, 3.1591808795928955, 3.303189277648926, 3.451197385787964, 3.6152069568634033, 3.7502145767211914, 3.8802223205566406, 4.054232120513916, 4.183239459991455, 4.343248605728149, 4.4702558517456055, 4.614264011383057, 4.76027250289917, 4.9042809009552, 5.062289714813232]",0,0,1,0
3771,76,20180822392832.0,C9 C9 C9 C9 _ _ ,"[1.7340993881225586, 1.8301045894622803, 1.9581120014190674, 2.1091208457946777, 2.2041261196136475, 2.294131278991699, 2.4151382446289062, 2.5451457500457764, 2.6771533489227295, 2.8161611557006836, 2.9501688480377197, 3.083176612854004, 3.216184139251709, 3.347191572189331, 3.5042004585266113, 3.613206624984741, 3.7762160301208496, 3.953226327896118, 4.055232048034668, 4.345248699188232, 4.576261758804321, 4.67826771736145, 4.775273323059082, 4.927282094955444, 6.582376480102539]",0,0,1,0
3771,77,20180822392832.0,C9 C9 C9 C9 _ _ ,"[1.2870736122131348, 1.4000802040100098, 1.5120866298675537, 1.6230926513671875, 1.7360992431640625, 1.8471055030822754, 1.9751129150390625, 2.1031200885772705, 2.3011314868927, 2.376136064529419]",0,1,-1,0
3771,78,20180822392832.0,C9 G8 E8 Eb8 _ _ ,"[1.7511003017425537, 1.9571120738983154, 2.0961201190948486, 2.1741244792938232, 2.3101322650909424, 2.481142044067383]",22,1,1,0
3771,79,20180822392832.0,B8 C8 B8 Ab8 _ _ ,"[1.5350878238677979, 1.6360933780670166, 1.7390992641448975, 1.8581063747406006, 1.9761130809783936, 2.0651180744171143, 2.1901252269744873, 2.3041317462921143, 2.415138006210327, 2.546145439147949, 2.8051602840423584, 2.9421682357788086, 3.0721757411956787, 3.21618390083313, 3.343191146850586, 3.487199306488037, 3.5092005729675293, 3.6302075386047363, 3.7582147121429443, 3.9022233486175537, 4.070232629776001, 4.207240581512451, 4.394251108169556, 4.566261053085327, 4.668267011642456, 4.801274538040161, 5.006286144256592]",18,0,-1,0
3771,80,20180822392832.0,D9 Eb9 F8 E8 _ _ ,"[1.2650723457336426, 1.3450767993927002, 1.3920795917510986, 1.5030858516693115, 1.568089485168457, 1.68009614944458, 1.80910325050354, 1.9631121158599854, 2.048117160797119, 2.1121208667755127, 2.176124334335327, 2.291131019592285, 2.419138193130493, 2.5441455841064453, 2.6721527576446533, 2.8001601696014404, 2.9281673431396484, 3.205183267593384, 3.21618390083313, 3.360192060470581, 3.500200033187866, 3.6162068843841553, 3.7602150440216064, 3.7942168712615967, 3.920224189758301, 4.1252357959747314, 4.352248668670654, 4.512258052825928, 4.678267478942871, 4.8412768840789795]",20,0,-1,0
3771,81,20180822392832.0,C9 C9 C9 C9 _ _ ,"[1.210069179534912, 1.3440768718719482, 1.43408203125, 1.547088623046875, 1.670095443725586, 1.793102502822876, 1.9351108074188232, 2.026115894317627, 2.154123067855835, 2.29413104057312, 2.500143051147461]",0,1,-1,0
3771,82,20180822392832.0,C9 C9 C9 C9 _ _ ,"[1.4800846576690674, 1.558089256286621, 1.7060976028442383, 1.7340991497039795, 1.797102928161621, 1.8451054096221924, 1.92510986328125, 2.043116807937622, 2.17812442779541, 2.277130126953125, 2.405137538909912, 2.5701470375061035, 2.6611521244049072, 2.7891592979431152, 2.9331679344177246, 3.0611751079559326, 3.238185167312622, 3.343191146850586, 3.6552090644836426, 3.7812161445617676, 3.9252243041992188, 4.05623197555542, 4.197240114212036, 4.3712499141693115]",0,0,1,0
3771,83,20180822392832.0,C9 C9 C9 C9 _ _ ,"[1.4130806922912598, 1.5010859966278076, 1.6130924224853516, 1.7250986099243164, 1.7741014957427979, 1.8371050357818604, 2.1191213130950928, 2.265129566192627, 2.374135732650757, 2.738156795501709, 2.864163875579834, 2.974169969558716, 3.116178274154663, 3.2611865997314453, 3.4171955585479736, 3.5492031574249268, 3.693211317062378, 3.8432199954986572, 4.0022289752960205, 4.284245014190674, 4.428253412246704, 4.642265558242798, 4.748271465301514]",0,0,1,0
3771,84,20180822392832.0,E8 C8 Eb9 Eb8 _ _ ,"[1.307074785232544, 1.4210810661315918, 1.5220868587493896, 1.6510941982269287, 1.8501057624816895, 1.922109842300415, 2.017115354537964, 2.37613582611084, 2.512143611907959, 2.6851534843444824, 2.8311617374420166, 2.992171049118042, 3.095176935195923, 3.2001829147338867, 3.3121893405914307, 3.456197500228882, 3.594205379486084, 3.727212905883789, 3.8952226638793945, 4.0192296504974365, 4.175238847732544, 4.321246862411499, 4.47925591468811, 4.4952569007873535, 4.700268745422363]",32,0,-1,0
3771,85,20180822392832.0,Db8 F8 A8 D8 _ _ ,"[1.5640895366668701, 1.686096429824829, 1.7721014022827148, 1.8841078281402588, 2.252128839492798, 2.3471343517303467, 2.491142511367798, 2.619149923324585, 2.745157241821289, 2.87516450881958, 3.0201728343963623, 3.0551750659942627, 3.1801819801330566, 3.3231899738311768, 3.6312077045440674, 3.7232131958007812, 4.0022289752960205, 4.139236927032471, 4.451254606246948, 4.740271091461182, 4.882279396057129]",31,0,-1,1
3771,86,20180822392832.0,F8 Db9 C8 Ab8 _ _ ,"[1.670095443725586, 1.8131036758422852, 1.8771073818206787, 1.9891138076782227, 2.1011202335357666, 2.2181267738342285, 2.3471343517303467, 2.521144151687622, 2.607149124145508, 2.741156816482544, 2.87516450881958, 3.009171962738037, 3.1391794681549072, 3.2851879596710205, 3.4291961193084717, 3.573204517364502, 3.702211856842041, 3.845219850540161, 4.032230615615845, 4.165238380432129, 4.325247526168823, 4.471255779266357]",24,0,-1,0
3771,87,20180822392832.0,Eb9 Db8 F8 A8 _ _ ,"[2.010114908218384, 2.026115655899048, 2.2141265869140625, 2.2381279468536377, 2.3691353797912598, 2.645151138305664, 2.757157564163208, 2.896165370941162, 2.9341678619384766, 3.0301730632781982, 3.136179208755493, 3.2741870880126953, 3.455197334289551, 3.5462026596069336, 3.6792101860046387, 3.818218231201172, 4.154237508773804, 4.288244962692261, 4.410252094268799, 4.587262153625488]",24,0,-1,0
3771,88,20180822392832.0,C9 C9 C9 C9 _ _ ,"[1.6080923080444336, 1.7430999279022217, 1.7531003952026367, 1.7681012153625488, 1.8601067066192627, 2.1831250190734863, 2.3111324310302734, 2.477141857147217, 2.586148262023926, 2.721155881881714, 2.843162775039673, 2.967170000076294, 3.1411800384521484, 3.2721874713897705, 3.4051952362060547, 3.580204963684082, 3.704212188720703, 3.8472204208374023, 4.012229681015015, 4.167238473892212, 4.183239459991455, 4.333248138427734, 4.43925404548645, 4.5832624435424805, 4.711269855499268, 4.871278762817383, 6.934396743774414, 6.9803993701934814, 7.048403263092041, 7.303417921066284]",0,0,1,1
3771,89,20180822392832.0,C9 C9 C9 C9 _ _ ,"[0.0630035400390625, 0.3820219039916992, 0.43602514266967773, 0.6960399150848389, 0.9560546875, 1.084061861038208, 1.2280704975128174, 1.2950739860534668, 1.3570778369903564, 1.3930797576904297, 1.6400940418243408, 1.7581007480621338, 2.1941256523132324, 2.261129379272461, 2.367135524749756, 2.494142770767212, 2.623150110244751, 2.7611582279205322, 2.8941657543182373, 3.0401740074157715, 3.1821820735931396, 3.4021947383880615, 3.470198631286621, 3.8862223625183105, 4.332247734069824, 4.495257377624512, 4.911281108856201, 5.334305286407471, 6.093348503112793, 6.110349655151367, 6.20735502243042, 6.353363513946533, 6.482370853424072, 7.101406097412109, 7.2294135093688965, 7.362421274185181]",0,0,1,0
3771,90,20180822392832.0,C9 C9 C9 C9 _ _ ,"[0.02000117301940918, 0.5510318279266357, 0.7880454063415527, 0.8040461540222168, 0.9320535659790039, 1.061060905456543, 1.313075304031372, 1.323075771331787, 1.4780845642089844, 1.7150981426239014, 1.8281047344207764, 2.1071207523345947, 2.2281277179718018, 2.373135805130005, 2.500143051147461, 2.628150463104248, 2.772158622741699, 3.7322134971618652, 4.387251138687134, 4.643265724182129, 4.647266149520874, 5.683325290679932, 6.562375545501709, 6.698383331298828, 6.83639121055603, 7.250414848327637, 7.394423007965088]",0,1,-1,0
3771,91,20180822392832.0,C9 C9 C9 C9 _ _ ,"[0.04700279235839844, 0.14900875091552734, 0.2960171699523926, 0.3200185298919678, 0.5600321292877197, 0.8150467872619629, 0.94305419921875, 1.1180641651153564, 1.1210641860961914, 1.2630722522735596, 1.3440768718719482, 1.5530891418457031, 1.6190929412841797, 1.7531003952026367, 1.8601064682006836, 1.9671127796173096, 2.279130458831787, 2.383136510848999, 2.5571465492248535, 7.349420547485352]",0,1,-1,0
3771,92,20180822392832.0,C9 C9 C9 C9 _ _ ,"[1.1580660343170166, 1.2520713806152344, 1.3640778064727783, 1.4910852909088135, 1.6270928382873535, 1.7160980701446533, 1.8441054821014404, 2.037116289138794, 2.0911195278167725, 2.4751415252685547, 2.5961484909057617, 2.7241556644439697, 2.852163076400757, 2.997171401977539, 3.1591804027557373, 3.3081891536712646, 3.476198673248291, 3.576204538345337, 3.7492141723632812, 3.8852219581604004, 4.020229816436768, 4.228241682052612, 4.340247869491577]",0,0,1,0
3771,93,20180822392832.0,C9 C9 C9 C9 _ _ ,"[1.2460713386535645, 1.3440766334533691, 1.3750786781311035, 1.423081398010254, 1.555088758468628, 1.673095703125, 1.793102502822876, 1.8401050567626953, 1.921109676361084, 1.9681127071380615, 2.0811188220977783, 2.174124240875244, 2.52714467048645, 2.6561520099639893, 2.7831592559814453, 2.9291675090789795, 3.0551745891571045, 3.1991829872131348, 3.348191499710083, 3.5322020053863525, 3.6462085247039795, 3.6482086181640625, 3.7922170162200928, 3.9192240238189697, 4.103234529495239, 4.208240747451782, 4.3672497272491455, 4.639265298843384, 4.686268091201782, 7.27241587638855, 7.410423755645752]",0,0,1,0
3771,94,20180822392832.0,C9 C9 C9 C9 _ _ ,"[0.024001359939575195, 0.20801162719726562, 1.2560715675354004, 1.4170808792114258, 1.5380878448486328, 1.6470940113067627, 1.672095537185669, 1.7360990047454834, 1.9781129360198975, 2.1191210746765137, 2.2251272201538086, 2.3441338539123535, 2.4591405391693115, 2.6001484394073486, 2.7331559658050537, 2.855163097381592, 3.000171422958374, 3.1691811084747314, 3.2991883754730225, 3.4321961402893066, 3.5692038536071777, 3.719212532043457, 3.8632209300994873, 4.028230428695679, 4.15123724937439, 4.488256454467773, 4.599262952804565, 4.75927209854126, 4.92328143119812, 7.298417091369629]",0,0,1,0
3771,95,20180822392832.0,A8 F8 Db8 Db9 _ _ ,"[1.1340649127960205, 1.171067237854004, 1.2310705184936523, 1.3600778579711914, 1.4710841178894043, 1.5990915298461914, 1.651094675064087, 1.8231043815612793, 1.8731071949005127, 2.0641183853149414, 2.38413667678833, 2.523144483566284, 5.759329557418823, 6.083348035812378, 7.134408235549927]",22,1,1,0
3771,96,20180822392832.0,Eb8 C9 F8 Db9 _ _ ,"[1.5080864429473877, 1.8281044960021973, 1.9391109943389893, 2.051117420196533, 2.1791248321533203, 2.3071320056915283]",17,1,1,0
3771,97,20180822392832.0,Gb8 F8 Eb9 C9 _ _ ,"[1.5990915298461914, 1.663095474243164, 1.7100980281829834, 1.8221044540405273, 1.9461116790771484, 2.127121686935425, 2.366135358810425, 4.621264457702637, 4.764272689819336, 4.898280382156372, 5.0692901611328125]",16,1,1,0
3771,98,20180822392832.0,Db9 Db9 C8 F8 _ _ ,"[1.3900794982910156, 1.5000858306884766, 1.6350934505462646, 1.7551004886627197, 1.793102502822876, 1.900108814239502, 1.9851136207580566, 2.0971200466156006, 2.2251272201538086, 2.3611350059509277, 2.4571404457092285, 2.5771474838256836, 2.7051548957824707, 2.8331620693206787, 2.849163055419922, 2.990170955657959, 3.137179374694824, 3.2951884269714355, 3.443197011947632, 3.585205078125, 3.719212770462036, 3.8572206497192383, 3.9152238368988037, 4.04923152923584, 4.337248086929321, 4.624264478683472, 4.801274538040161, 4.976284742355347]",21,0,-1,0
3771,99,20180822392832.0,C9 C9 C9 C9 _ _ ,"[1.551088809967041, 1.687096357345581, 1.7591006755828857, 1.905109167098999, 2.388136625289917]",0,1,-1,0
3771,100,20180822392832.0,C9 C9 C9 C9 _ _ ,"[1.089061975479126, 1.312074899673462, 1.440082311630249, 1.6960968971252441, 1.8291044235229492, 1.9391107559204102, 2.064117908477783, 2.2531285285949707, 2.3561346530914307, 2.4321389198303223, 2.5601463317871094, 2.6891536712646484, 2.8221611976623535, 2.9611692428588867, 3.108177661895752, 3.248185396194458, 3.375192880630493, 3.596205472946167, 3.6792104244232178, 3.83721923828125, 4.040230751037598, 4.328247547149658, 4.446254253387451, 4.590262413024902, 4.771272659301758]",0,0,1,0
3771,101,20180822392832.0,C9 C9 C9 C9 _ _ ,"[1.3930797576904297, 1.4950854778289795, 1.6230928897857666, 1.7410995960235596, 1.8521058559417725, 2.1181211471557617, 2.3111321926116943, 2.3431341648101807, 2.4701414108276367, 2.614149570465088, 2.758157730102539, 2.886165142059326, 3.120178461074829, 3.235184907913208, 3.338191032409668, 3.5112009048461914, 3.6522090435028076, 3.7882165908813477, 3.967226982116699, 4.1192357540130615, 4.30224609375, 4.422252893447876, 4.566261053085327, 4.815275430679321, 4.881278991699219, 5.014286756515503, 5.170295715332031]",0,0,1,0
3771,102,20180822392832.0,D9 G8 E8 Gb8 _ _ ,"[1.6190927028656006, 1.7340991497039795, 1.8721072673797607, 1.9711127281188965, 2.0831191539764404, 2.2041261196136475, 2.3081321716308594, 2.4781417846679688, 2.612149477005005, 2.743156909942627, 2.878164768218994, 3.014172315597534, 3.1491801738739014, 3.1551804542541504, 3.315189838409424, 3.443197011947632, 3.7312135696411133, 3.8672213554382324, 4.019229888916016, 4.163238048553467, 4.34324836730957, 4.503257513046265]",21,0,-1,1
3771,103,20180822392832.0,Eb9 Db8 C9 F8 _ _ ,"[1.4570834636688232, 1.5670900344848633, 1.6800963878631592, 1.8061034679412842, 1.9211101531982422, 2.0471174716949463, 2.1941256523132324, 2.4131381511688232, 2.4631412029266357]",21,1,1,0
3771,104,20180822392832.0,Db8 Bb8 A8 E8 _ _ ,"[1.7250983715057373, 1.7420995235443115, 1.806103229522705, 1.9281103610992432, 2.0591177940368652, 2.1911251544952393, 2.256129026412964, 2.387136459350586, 2.534144639968872, 2.62214994430542, 2.750157356262207, 2.9561688899993896, 3.122178554534912, 3.219184160232544, 3.3101892471313477, 3.454197406768799, 3.7422139644622803, 3.8862223625183105, 4.032230377197266, 4.218240976333618, 4.360249280929565, 4.509257793426514, 4.551260232925415, 4.655266046524048]",24,0,-1,0
3771,105,20180822392832.0,C9 C9 C9 C9 _ _ ,"[1.2500715255737305, 1.3860790729522705, 1.4720840454101562, 1.6000912189483643, 1.7210984230041504, 1.8401050567626953, 1.9561116695404053, 2.1021201610565186, 2.3661351203918457, 2.400137186050415, 2.4701411724090576, 2.6071488857269287, 2.77215838432312, 2.8481626510620117, 3.001171588897705, 3.12017822265625, 3.2651865482330322, 3.4111950397491455, 3.712212085723877, 3.856220245361328, 4.0002288818359375, 4.152237415313721, 4.28824520111084, 4.432253360748291]",0,0,1,1
3771,106,20180822392832.0,C9 C9 C9 C9 _ _ ,"[1.6880967617034912, 1.7501001358032227, 1.8161039352416992, 1.906109094619751, 2.019115447998047, 2.130121946334839, 2.258129358291626, 2.392136812210083, 2.514143943786621, 2.7061548233032227, 2.8021602630615234, 2.9351680278778076, 3.0581748485565186, 3.231184720993042, 3.346191644668579, 3.5382025241851807, 3.6322078704833984, 3.812217950820923, 3.946225881576538, 4.38425087928772, 4.528259038925171]",0,0,1,0
3771,107,20180822392832.0,C9 C9 C9 C9 _ _ ,"[1.0350589752197266, 1.1570661067962646, 1.2550716400146484, 1.3550775051116943, 1.419081211090088, 1.4870848655700684, 1.6350934505462646, 1.7280986309051514, 1.8571059703826904, 1.914109230041504, 2.1061203479766846, 2.2341277599334717, 2.3461341857910156, 2.4741415977478027, 2.629150390625, 2.746156930923462, 2.890165328979492, 3.0341734886169434, 3.1621806621551514, 3.479198932647705, 3.598205804824829, 3.7682154178619385, 3.9232242107391357, 4.092233896255493, 4.187239408493042, 4.347248554229736, 4.55426025390625, 4.679267406463623, 4.881279230117798, 4.9552834033966064, 8.457483768463135, 8.595491409301758, 8.694497108459473, 8.826504945755005, 8.905509233474731, 9.024516105651855, 9.175524711608887, 9.193525791168213, 9.304532051086426, 9.40253758430481, 9.529545068740845, 9.73855710029602, 9.769558668136597, 9.972570180892944, 10.032573938369751, 10.437596797943115, 10.553603410720825, 10.568604230880737, 10.697611570358276, 10.85762095451355, 11.019630193710327, 11.33564829826355, 11.433653831481934, 11.577661991119385, 11.774673223495483, 11.913681268692017, 16.344934701919556, 16.42393922805786, 16.541945934295654, 16.677953958511353, 16.76395869255066, 17.013973236083984, 17.12597942352295, 17.258987188339233, 17.438997507095337, 17.5020010471344, 17.629008293151855, 17.752015352249146, 17.896023511886597, 18.214041709899902, 18.312047243118286, 18.45705556869507, 18.600063800811768, 18.730071306228638, 18.871079206466675, 19.03108859062195, 19.159095764160156, 19.309104204177856, 19.4631130695343, 19.607121229171753, 20.919196605682373, 23.318333625793457, 23.44934105873108, 23.5733482837677, 23.6153507232666, 23.83236312866211, 23.92836856842041, 24.055375814437866, 24.183383226394653, 24.335391998291016, 24.471399545669556, 24.566405057907104, 24.7264142036438]",0,0,1,0
3771,108,20180822392832.0,E8 C8 C9 D8 _ _ ,"[1.7581005096435547, 1.8701069355010986, 2.0941197872161865, 2.2151267528533936, 2.359135150909424, 2.4461400508880615, 2.5901482105255127, 2.7021546363830566, 2.9531688690185547, 2.975170373916626, 3.12117862701416, 3.2621865272521973, 3.4221956729888916, 3.550203323364258, 3.6782102584838867, 3.83821964263916, 4.009229421615601, 4.1522376537323, 4.270244359970093, 4.44625449180603, 4.5912628173828125]",31,0,-1,0
3771,109,20180822392832.0,Eb8 E8 Db8 Eb9 _ _ ,"[1.4600834846496582, 1.5830903053283691, 1.6670951843261719, 1.792102336883545, 2.068118095397949, 2.180124521255493, 2.259129047393799, 2.386136531829834, 2.521143913269043, 2.7201554775238037, 2.8131608963012695, 2.982170581817627, 3.12717866897583, 3.2921881675720215, 3.4911997318267822, 3.6432085037231445, 3.7742159366607666, 3.938225030899048, 4.087233781814575, 4.236242055892944, 4.421252727508545, 4.658266305923462]",22,0,-1,1
3771,110,20180822392832.0,C9 C9 C9 C9 _ _ ,"[1.325075626373291, 1.441082239151001, 1.5540885925292969, 1.6460940837860107, 1.8751072883605957, 1.8851077556610107, 2.013115167617798, 2.3421339988708496]",0,1,-1,0
3771,111,20180822392832.0,C9 C9 C9 C9 _ _ ,"[1.4870851039886475, 1.6330935955047607, 2.130121946334839, 2.2011258602142334, 2.3371338844299316, 2.4331390857696533, 2.5841479301452637, 2.6871538162231445, 2.85416316986084, 2.974169969558716, 3.1661810874938965, 3.344191312789917, 3.4071950912475586, 3.571204423904419, 3.70821213722229, 3.9092235565185547, 4.054232120513916, 4.30224609375, 4.462255239486694, 4.607263565063477, 4.791274070739746]",0,0,1,1
3771,112,20180822392832.0,C9 C9 C9 C9 _ _ ,"[1.0110578536987305, 1.1040632724761963, 1.2320704460144043, 1.2800731658935547, 1.3450770378112793, 1.4720842838287354, 1.5840907096862793, 1.6960971355438232, 1.7601006031036377, 1.8251044750213623, 1.9521117210388184, 2.064117908477783, 2.2101266384124756, 2.3201329708099365, 2.496142864227295, 2.5921483039855957, 2.717155694961548, 2.852163314819336, 2.864163875579834, 2.992171287536621, 3.120178461074829, 3.2641868591308594, 3.4081950187683105, 3.556203603744507, 3.696211576461792, 3.8772218227386475, 4.011229515075684, 4.175238847732544, 4.305246114730835, 4.476255893707275, 4.614264011383057, 4.751271724700928, 5.200297594070435]",0,0,1,0
3771,113,20180822392832.0,Bb8 C9 Eb8 D8 _ _ ,"[1.3330762386322021, 1.4120805263519287, 1.4900851249694824, 1.7470998764038086, 1.9441111087799072, 2.0771186351776123, 2.1911251544952393, 2.3351333141326904, 2.511143684387207]",21,1,1,0
3771,114,20180822392832.0,E8 B8 C9 D8 _ _ ,"[1.5870907306671143, 1.6930968761444092, 1.806103229522705, 1.9331104755401611, 2.055117607116699, 2.2041258811950684, 2.2221269607543945, 2.4891421794891357, 2.62214994430542]",19,1,1,0
3771,115,20180822392832.0,Ab8 Bb8 Db8 A8 _ _ ,"[1.2210698127746582, 1.3660781383514404, 1.3980798721313477, 1.4680838584899902, 1.5870909690856934, 1.7010974884033203, 1.8441054821014404, 1.924109935760498, 2.052117347717285, 2.181124687194824, 2.3541347980499268, 2.4221384525299072, 2.5561461448669434, 2.6981544494628906, 2.8331618309020996, 2.968169927597046, 3.101177453994751, 3.230184555053711, 3.363192558288574, 3.4911997318267822, 3.6352078914642334, 3.923224449157715, 4.255243539810181]",20,0,-1,1
3771,116,20180822392832.0,B8 C8 B8 D8 _ _ ,"[0.12700748443603516, 1.5700900554656982, 1.6310935020446777, 1.7430999279022217, 1.8561062812805176, 1.9331107139587402, 2.0951199531555176, 2.2301275730133057, 2.3581349849700928, 2.49314284324646, 2.627150297164917, 2.731156349182129, 2.9151668548583984, 3.0081722736358643, 3.1391797065734863, 3.4121954441070557, 3.5502030849456787, 3.70821213722229, 3.83821964263916, 3.9842281341552734, 4.1192357540130615, 4.286245346069336, 4.420253038406372]",24,0,-1,1
3771,117,20180822392832.0,C9 C9 C9 C9 _ _ ,"[1.4250812530517578, 1.5190868377685547, 1.6320929527282715, 1.7541000843048096, 1.8551058769226074, 1.9831130504608154, 2.1271212100982666, 2.262129306793213, 2.4691407680511475]",0,1,-1,0
3771,118,20180822392832.0,C9 C9 C9 C9 _ _ ,"[1.3860790729522705, 1.443082332611084, 1.571089744567871, 1.6910967826843262, 1.8841075897216797, 2.0911195278167725, 2.2191269397735596, 2.3491342067718506, 2.483142137527466, 2.627150297164917]",0,1,-1,0
3771,119,20180822392832.0,C9 C9 C9 C9 _ _ ,"[1.8261041641235352, 1.8721070289611816, 1.920109748840332, 2.032116174697876, 2.3441338539123535, 2.4231386184692383, 2.5521459579467773, 2.6841535568237305, 2.7831592559814453, 2.9111664295196533, 3.0541746616363525, 3.215183734893799, 3.347191333770752, 3.487199544906616, 3.6302075386047363, 3.7752158641815186, 3.9182240962982178, 4.093234062194824, 4.40425181388855, 4.566261053085327, 4.81427526473999, 4.987285137176514]",0,0,1,0
3771,120,20180822392832.0,Db9 G8 F8 G8 _ _ ,"[1.2450714111328125, 1.3250761032104492, 1.4530832767486572, 1.8061034679412842, 1.9221100807189941, 2.0661182403564453, 2.166124105453491, 2.275130271911621, 2.4131381511688232, 2.5711472034454346, 2.655151844024658, 2.7981603145599365, 2.9411685466766357, 3.081176519393921, 3.22318434715271, 3.359192371368408, 3.4921998977661133, 3.6482086181640625, 3.7892167568206787, 3.9812278747558594, 4.529259204864502, 4.665266990661621, 4.871278762817383, 4.9682841300964355]",18,0,-1,0
3771,121,20180822392832.0,B8 E8 Bb8 Eb8 _ _ ,"[1.6280932426452637, 1.7410998344421387, 1.8861079216003418, 1.9771130084991455, 2.129121780395508, 2.1891252994537354, 2.3161325454711914, 2.4611411094665527, 2.5741474628448486, 2.7001545429229736, 2.845163106918335, 2.972170114517212, 3.117178440093994, 3.2941884994506836, 3.4181957244873047, 3.5322022438049316, 3.5482029914855957, 3.714212656021118, 3.850220203399658, 3.9812278747558594, 4.2362425327301025, 4.408252477645874]",20,0,-1,0
3771,122,20180822392832.0,D9 Db9 E8 F8 _ _ ,"[0.034002065658569336, 2.162123918533325, 2.3081321716308594, 2.370135545730591, 2.5341451168060303, 2.610149383544922, 2.762158155441284, 2.959169387817383, 2.978170394897461, 3.122178554534912, 3.2751874923706055, 3.3931944370269775, 3.6352081298828125, 3.6652097702026367, 3.819218635559082, 3.942225456237793, 4.085233688354492, 4.228241920471191, 4.3532490730285645, 4.497257232666016, 4.643265724182129, 4.769273042678833, 4.913281202316284, 6.199354648590088, 6.336362600326538, 6.465369939804077]",18,0,-1,0
3771,123,20180822392832.0,D9 C8 Gb8 Bb8 _ _ ,"[1.5810906887054443, 1.6360938549041748, 1.7300989627838135, 1.9691126346588135, 2.0981199741363525, 2.2091264724731445, 2.3361337184906006, 2.4671411514282227, 2.6561522483825684, 2.731156349182129, 2.863163948059082, 2.994171380996704, 3.1361794471740723, 3.2801878452301025, 3.322190284729004, 3.440196990966797, 3.600206136703491, 3.8572206497192383, 4.0002288818359375, 4.177239179611206, 4.288245439529419, 4.447254419326782, 4.5852625370025635, 4.722270250320435, 4.889279842376709, 4.99228572845459, 6.9934000968933105, 7.169410228729248]",22,0,-1,0
3771,124,20180822392832.0,C9 C9 C9 C9 _ _ ,"[1.5430881977081299, 1.6410937309265137, 1.7350993156433105, 1.791102409362793, 1.8641066551208496, 1.9161098003387451, 1.9961142539978027, 2.2261273860931396, 2.3451340198516846, 2.4711413383483887, 2.625150203704834, 2.743156909942627, 2.9041659832000732, 3.0151724815368652, 3.1591806411743164, 3.3031888008117676, 3.449197292327881, 3.591205358505249, 3.7442142963409424, 3.8642210960388184, 4.023230075836182, 4.427253246307373, 4.455254793167114, 4.764272451400757, 4.85527777671814, 5.143294095993042, 5.292302846908569, 5.462312459945679, 6.700383186340332]",0,0,1,1
3771,125,20180822392832.0,C9 C9 C9 C9 _ _ ,"[1.8451056480407715, 1.9701128005981445, 2.147122859954834, 2.2351276874542236, 2.3351337909698486, 2.4541404247283936, 2.5971486568450928, 2.76615834236145, 2.898165702819824, 3.0131723880767822, 3.1741816997528076, 3.2941884994506836, 3.4911997318267822, 3.7312135696411133, 3.8652210235595703, 3.9952287673950195, 4.148237228393555, 4.293245792388916, 4.452254772186279, 4.5982630252838135, 4.9462831020355225]",0,0,1,0
3771,126,20180822392832.0,C9 C9 C9 C9 _ _ ,"[1.2780730724334717, 1.4040803909301758, 1.5350878238677979, 1.6130924224853516, 1.8891079425811768, 1.9871137142181396, 2.153123140335083, 2.28113055229187, 2.4201385974884033, 2.52014422416687, 2.653151750564575, 2.785159111022949, 2.9181668758392334, 3.0541746616363525, 3.1961827278137207, 3.342191219329834, 3.5022003650665283, 3.6712100505828857, 3.804217576980591, 3.942225456237793, 4.103234529495239, 4.236242055892944, 4.540259599685669]",0,0,1,1
3771,127,20180822392832.0,D8 C8 D9 Db9 _ _ ,"[1.450082778930664, 1.546088457107544, 1.7480998039245605, 1.8131036758422852, 1.919109582901001, 2.149122953414917, 2.280130386352539, 2.378136157989502, 2.489142417907715, 2.7001543045043945, 2.765158176422119, 3.3061890602111816, 3.488199472427368, 3.577204465866089, 3.7522146701812744, 3.9172239303588867, 3.9932284355163574, 4.137236595153809, 4.298245906829834, 4.458254814147949, 4.617264032363892, 4.761272430419922, 7.431425094604492]",25,0,-1,0
3771,128,20180822392832.0,Ab8 Ab8 Eb8 B8 _ _ ,"[0.031001806259155273, 0.31001758575439453, 0.4370250701904297, 0.5730326175689697, 0.6710381507873535, 0.7990455627441406, 0.966055154800415, 1.0390594005584717, 1.4100804328918457, 1.551088571548462, 1.6470940113067627, 1.7591004371643066, 1.8871078491210938, 2.049117088317871, 2.176124334335327, 2.28113055229187, 2.38313627243042, 2.511143445968628, 2.646151542663574, 2.783159017562866, 2.9271671772003174, 3.0551745891571045, 3.215183973312378, 3.343191146850586, 3.5032002925872803, 3.5442028045654297, 3.728213310241699, 3.7942168712615967, 4.058232069015503, 4.078233242034912, 4.35024881362915, 4.510257959365845, 4.652266025543213, 4.75227165222168, 4.91028094291687, 5.077290296554565]",18,0,-1,0
3771,129,20180822392832.0,A8 Db8 F8 Ab8 _ _ ,"[1.9651122093200684, 2.040116548538208, 2.17812442779541, 2.264129400253296, 2.37613582611084, 2.516143798828125, 2.664152145385742, 2.744156837463379, 2.875164270401001, 3.016172409057617, 3.1641809940338135, 3.4031944274902344, 3.4321963787078857, 3.59220552444458, 3.853220224380493, 3.8712213039398193, 4.0082292556762695, 4.280244588851929, 4.408252000808716, 4.552260160446167, 4.742271184921265, 4.8572776317596436]",25,0,-1,0
3771,130,20180822392832.0,C9 C9 C9 C9 _ _ ,"[1.4680838584899902, 1.548088550567627, 1.6610949039459229, 1.7731013298034668, 1.8901081085205078, 1.9961142539978027, 2.145122766494751, 2.279130220413208]",0,1,-1,0
3771,131,20180822392832.0,C9 C9 C9 C9 _ _ ,"[1.551088571548462, 1.668095350265503, 1.797102928161621, 1.8241043090820312, 1.8901078701019287, 2.1101207733154297, 2.255128860473633, 2.420138359069824, 2.5631465911865234, 2.639150857925415, 2.777158737182617, 2.89516544342041, 3.0691754817962646, 3.241185188293457, 3.3271901607513428, 3.471198558807373, 3.7592148780822754, 3.9032232761383057, 4.046231269836426, 4.176238775253296, 4.334247827529907, 4.4782562255859375, 4.638265371322632]",0,0,1,0
3771,132,20180822392832.0,C9 C9 C9 C9 _ _ ,"[1.5890908241271973, 1.8211040496826172, 2.019115447998047, 2.129121780395508, 2.2141265869140625, 2.395137071609497, 2.4661409854888916, 2.5671467781066895, 2.7041547298431396, 2.8401622772216797, 2.974170207977295, 3.109177827835083, 3.2741873264312744, 3.4061949253082275, 3.5312020778656006, 3.70821213722229, 3.840219736099243, 3.9792277812957764, 4.17223858833313, 4.2512431144714355]",0,0,1,0
3771,133,20180822392832.0,C9 C9 C9 C9 _ _ ,"[1.6330933570861816, 1.777101755142212, 1.7921028137207031, 1.8881080150604248, 1.9501116275787354, 2.014115333557129, 2.129121780395508, 2.2431282997131348, 2.4781417846679688, 2.4801418781280518, 2.6781532764434814, 2.75215744972229, 2.880164861679077, 3.008172035217285, 3.1761817932128906, 3.3101894855499268, 3.440196990966797, 3.8732216358184814, 4.337248086929321, 4.483256578445435]",0,0,1,0
3771,134,20180822392832.0,Db9 E8 Gb8 D9 _ _ ,"[1.5980913639068604, 1.6960971355438232, 1.8271045684814453, 1.8561062812805176, 1.9201099872589111, 2.0641181468963623, 2.1811249256134033, 2.3501346111297607, 2.4481401443481445, 2.5761475563049316, 2.877164602279663]",17,1,1,0
3771,135,20180822392832.0,C9 C9 Db8 F8 _ _ ,"[1.439082145690918, 1.6240928173065186, 1.6460943222045898, 1.8231041431427002, 1.923110008239746, 2.1211211681365967, 2.2221269607543945, 2.370135545730591, 2.523144483566284, 2.6921539306640625, 2.9561691284179688, 3.1361794471740723, 3.2641868591308594, 3.4321963787078857, 3.69421124458313, 3.821218490600586, 3.949225902557373, 4.109234809875488, 4.239242315292358, 7.405423641204834]",18,0,-1,0
3771,136,20180822392832.0,D8 G8 C9 Ab8 _ _ ,"[1.4650840759277344, 1.5790905952453613, 1.7110979557037354, 1.8451054096221924, 1.9281103610992432, 2.043116807937622, 2.1861252784729004, 2.280130386352539, 2.4411399364471436, 2.5941483974456787, 2.6641523838043213, 2.7921597957611084, 2.9241676330566406, 3.08017635345459, 3.2761874198913574, 3.4331963062286377, 3.5252017974853516, 3.6432085037231445, 3.7712156772613525, 3.8982231616973877, 4.05623197555542, 4.361249685287476, 4.520258665084839, 4.66426682472229, 4.8332765102386475]",19,0,-1,1
3771,137,20180822392832.0,E8 Gb8 Gb8 B8 _ _ ,"[1.3260760307312012, 1.4220812320709229, 1.5340876579284668, 1.6460940837860107, 1.7591004371643066, 1.8871078491210938, 2.0011143684387207, 2.1261215209960938, 2.266129493713379, 2.4231386184692383, 2.489142417907715, 2.606149196624756, 2.62214994430542, 2.750157356262207, 2.878164529800415, 3.022172689437866, 3.1511802673339844, 3.1671810150146484, 3.2781875133514404, 3.4071948528289795, 3.572204351425171, 3.725213050842285, 3.9822278022766113, 4.11123514175415, 4.264243841171265, 4.431253671646118, 7.037402391433716]",21,0,-1,0
3771,138,20180822392832.0,F8 E8 E8 Bb8 _ _ ,"[1.305074691772461, 1.432081937789917, 1.5280873775482178, 1.6400938034057617, 1.7000973224639893, 1.7681012153625488, 1.9921138286590576, 2.133121967315674, 2.261129140853882, 2.3441340923309326, 2.488142251968384, 2.644151210784912, 2.871164083480835, 3.0521745681762695, 3.255186080932617, 3.3231899738311768, 3.487199544906616, 3.607206344604492, 3.7672157287597656, 3.941225528717041, 4.023230314254761, 4.30924654006958, 4.455254793167114, 7.080404996871948, 7.174410343170166, 7.318418741226196]",25,0,-1,1
3771,139,20180822392832.0,Bb8 Eb8 F8 Db8 _ _ ,"[0.0500028133392334, 0.1910109519958496, 0.5110294818878174, 0.7890450954437256, 0.8570489883422852, 0.9270532131195068, 1.0560603141784668, 1.1660666465759277, 1.3000743389129639, 1.4070806503295898, 1.669095516204834, 1.7701013088226318, 1.790102481842041, 1.9501116275787354, 2.0791189670562744, 2.175124406814575, 2.4331390857696533, 2.5581464767456055, 3.231184720993042, 3.374192953109741, 3.5192012786865234, 3.7332136631011963, 3.822218656539917, 4.094234228134155, 4.239242315292358, 4.37024998664856, 4.526258945465088, 4.686268091201782, 6.855392217636108, 6.909395217895508, 7.038402795791626, 7.209412574768066, 7.460426568984985]",29,0,-1,0
3771,140,20180822392832.0,Ab8 F8 B8 D8 _ _ ,"[1.6270930767059326, 1.7220985889434814, 1.9781134128570557, 2.1061205863952637, 2.2391281127929688, 2.369135618209839]",22,1,1,0
3771,141,20180822392832.0,Gb8 C9 G8 E8 _ _ ,"[1.915109634399414, 2.015115261077881, 2.127121686935425, 2.256129264831543, 2.628150463104248, 2.7051548957824707]",19,1,1,0
3771,142,20180822392832.0,D9 C8 F8 A8 _ _ ,"[1.2450714111328125, 1.3830792903900146, 1.3880794048309326, 1.5110867023468018, 1.6420941352844238, 1.7551004886627197, 1.8631064891815186, 1.9871137142181396, 2.0921199321746826, 2.289130926132202, 3.690211057662964, 3.8562207221984863, 4.750271797180176, 4.878279209136963]",24,1,1,0
3771,143,20180822392832.0,C9 Gb8 Eb8 E8 _ _ ,"[1.2700726985931396, 1.4170811176300049, 1.5090866088867188, 1.6210930347442627, 1.7491002082824707, 1.914109468460083, 2.005114793777466, 2.119121551513672, 2.246128559112549, 2.4251387119293213, 2.475141763687134, 2.606149196624756, 2.8041605949401855, 2.871164560317993, 3.247185707092285, 3.445197105407715, 3.6412084102630615, 3.718212604522705, 3.8532204627990723, 3.9892284870147705, 4.149237632751465, 4.628264904022217]",23,0,-1,0
3771,144,20180822392832.0,C9 C9 C9 C9 _ _ ,"[0.7310419082641602, 1.082061767578125, 1.3680784702301025, 1.3710784912109375, 1.4600834846496582, 1.546088457107544, 1.8881080150604248, 2.010115146636963, 2.04211688041687, 2.171124219894409, 2.3081319332122803, 2.3141322135925293, 2.4421396255493164, 2.5731472969055176, 2.7141551971435547, 2.9521689414978027, 3.09317684173584, 3.218183994293213, 3.3051891326904297, 3.7542147636413574, 3.9132239818573, 4.041231155395508, 4.190239906311035, 4.44525408744812]",0,0,1,0
3771,145,20180822392832.0,C9 C9 C9 C9 _ _ ,"[1.4790844917297363, 1.575089931488037, 2.2511284351348877, 2.281130313873291, 2.419138193130493, 2.5661468505859375, 2.7841591835021973, 2.79215931892395, 3.24318528175354, 3.372192621231079, 3.501199960708618, 3.6412081718444824, 3.7842161655426025, 4.030230522155762, 4.108234882354736, 4.4952569007873535, 4.6232640743255615, 4.750271320343018]",0,0,1,0
3771,146,20180822392832.0,C9 C9 C9 C9 _ _ ,"[1.1280646324157715, 1.1670668125152588, 1.5980913639068604, 1.663095235824585, 1.7120978832244873, 1.9461112022399902, 2.257128953933716, 2.848162889480591, 2.975170135498047, 3.104177474975586, 3.33219051361084, 3.461197853088379, 3.591205358505249, 3.808217763900757, 3.839219570159912, 4.067232608795166, 4.31524658203125, 4.462255239486694, 4.6062633991241455, 4.864278078079224, 4.972284555435181, 5.2002973556518555]",0,0,1,0
3771,147,20180822392832.0,G8 Db8 A8 Gb8 _ _ ,"[1.3430767059326172, 1.4260814189910889, 1.5350878238677979, 1.663095235824585, 1.7110977172851562, 1.7771015167236328, 1.8461055755615234, 1.909109115600586, 2.175124406814575, 2.6671524047851562, 2.762157917022705, 2.9231672286987305, 3.085176467895508, 3.103177309036255, 3.263186454772949, 3.2791874408721924, 3.4141950607299805, 3.5532031059265137, 3.685210704803467, 3.81721830368042, 4.077233076095581, 4.279244661331177, 4.443254232406616, 4.550260066986084, 7.039402723312378]",25,0,-1,1
3771,148,20180822392832.0,D9 A8 Eb9 Eb8 _ _ ,"[1.668095350265503, 2.0031144618988037, 2.1151208877563477, 2.283130645751953, 2.4441399574279785, 2.5811476707458496, 2.612149238586426, 2.8201613426208496, 2.9651694297790527, 3.48319935798645, 3.6332077980041504, 3.7702155113220215, 3.9132237434387207, 4.040230989456177, 4.169238328933716, 4.284245014190674, 4.52725887298584, 4.660266637802124, 4.785273790359497, 4.896279811859131]",17,0,-1,0
3771,149,20180822392832.0,Eb8 Eb9 B8 F8 _ _ ,"[1.4100804328918457, 1.553088665008545, 1.6680951118469238, 1.7781014442443848, 1.8971083164215088, 2.0031144618988037, 2.0971198081970215, 2.2071261405944824, 2.3351333141326904, 2.4931423664093018, 2.5911478996276855, 2.6081490516662598, 2.739156723022461, 2.869163990020752, 3.007171630859375, 3.1551804542541504, 3.1671810150146484, 3.3121893405914307, 3.455197334289551, 3.606206178665161, 3.711212158203125, 3.839219331741333, 3.9862277507781982, 4.0012288093566895, 4.1272358894348145, 4.416252374649048, 4.574261426925659]",20,0,-1,0
3771,150,20180822392832.0,C9 C9 C9 C9 _ _ ,"[1.4470829963684082, 1.4770846366882324, 1.684096336364746, 1.8291044235229492, 1.9581120014190674, 2.184124708175659, 2.1971256732940674, 2.3251328468322754, 3.0611751079559326, 3.192182779312134, 3.321190118789673, 3.4341964721679688, 3.574204206466675, 3.7342135906219482, 3.8952226638793945, 4.020229816436768, 4.163238048553467, 4.17923903465271, 4.307246446609497, 4.435253620147705, 4.58926248550415, 4.824275732040405, 4.8512773513793945]",0,0,1,0
3771,151,20180822392832.0,C9 C9 C9 C9 _ _ ,"[0.9560546875, 1.068061113357544, 1.313075304031372, 1.4200811386108398, 1.548088550567627, 1.660094976425171, 1.788102388381958, 1.917109727859497, 2.02811598777771, 2.171124219894409, 2.28813099861145, 2.4281389713287354, 2.5391454696655273, 3.0061721801757812, 3.190182685852051, 3.217184066772461, 3.355191946029663, 3.580204725265503, 3.6752102375030518, 3.822218656539917, 4.023230314254761, 4.395251512527466, 4.620264530181885, 4.740271329879761, 4.864278316497803, 5.0792906284332275]",0,0,1,0
3771,152,20180822392832.0,C9 C9 C9 C9 _ _ ,"[1.2400710582733154, 1.2460713386535645, 1.3740787506103516, 1.5030860900878906, 1.6340937614440918, 1.7591006755828857, 1.908109188079834, 1.9991142749786377, 2.126121759414673, 2.238128185272217, 2.366135358810425, 2.511143684387207, 2.646151542663574, 2.7761588096618652, 2.9041662216186523, 3.0401740074157715, 3.1501801013946533, 3.2941882610321045, 3.453197717666626, 3.6122066974639893, 3.8812220096588135, 4.030230522155762, 4.224241733551025, 4.331247806549072, 4.462255239486694, 4.620264291763306, 4.863278150558472]",0,0,1,0
3771,153,20180822392832.0,E8 C8 Ab8 G8 _ _ ,"[0.13300752639770508, 0.7360422611236572, 1.0290586948394775, 1.191068172454834, 1.2170696258544922, 1.4720842838287354, 1.6180925369262695, 1.794102668762207, 1.8251042366027832, 1.9521114826202393, 2.515143871307373, 2.515143871307373, 2.9121665954589844, 3.009172201156616, 3.4271960258483887, 3.5522031784057617, 3.712212562561035, 3.8592207431793213, 3.9872281551361084, 4.144237041473389, 4.319247007369995, 4.447254180908203, 4.5932629108428955, 4.752271890640259]",29,0,-1,1
3771,154,20180822392832.0,Db8 D9 C8 Bb8 _ _ ,"[1.2030689716339111, 1.445082664489746, 1.546088457107544, 1.677095890045166, 1.8071033954620361, 1.8601064682006836, 2.0941197872161865, 2.1151211261749268, 2.2411282062530518, 2.3541347980499268, 2.4661412239074707, 2.5941483974456787, 2.610149383544922, 2.73815655708313, 2.866163969039917, 3.000171422958374, 3.1381795406341553, 3.442196846008301, 3.570204019546509, 3.7462143898010254, 3.8582208156585693, 4.071233034133911, 4.207240581512451, 4.352248668670654, 4.450254440307617, 4.579261779785156, 4.771272897720337, 7.326418876647949]",27,0,-1,0
3771,155,20180822392832.0,Ab8 D8 D8 Ab8 _ _ ,"[1.0990629196166992, 1.2300703525543213, 1.2320704460144043, 1.3600776195526123, 1.4930851459503174, 1.5200867652893066, 1.7460997104644775, 1.7611005306243896, 1.8881077766418457, 2.4821417331695557, 2.486142158508301, 2.49914288520813, 2.641150951385498, 2.8191611766815186, 2.9531688690185547, 3.203183174133301, 3.329190492630005, 3.46219801902771, 3.586205005645752, 3.81021785736084, 3.938225269317627, 4.067232608795166, 4.197239875793457, 4.326247215270996, 4.456254720687866, 4.6082634925842285, 4.737270832061768, 4.982284784317017, 7.188410997390747]",28,0,-1,0
3771,156,20180822392832.0,Db8 G8 E8 D8 _ _ ,"[1.1370654106140137, 1.2690727710723877, 1.3990802764892578, 1.4950857162475586, 1.6200928688049316, 1.7200987339019775, 1.802103042602539, 1.9511117935180664, 2.0781190395355225, 2.2201271057128906, 2.2951314449310303, 2.410137891769409, 2.5351450443267822, 2.714155435562134, 2.8981659412384033, 3.0541749000549316, 3.0631752014160156, 3.2941887378692627, 3.4151954650878906, 3.6232075691223145, 3.835219621658325, 3.929224967956543, 4.1142354011535645, 4.182239294052124, 4.552260398864746, 4.553260564804077, 4.626264572143555, 4.874279022216797, 4.997286081314087, 5.098291873931885, 5.158295154571533, 5.319304466247559, 6.719384670257568]",34,0,-1,0
3771,157,20180822392832.0,Gb8 C8 Eb8 F8 _ _ ,"[1.4640836715698242, 1.5920910835266113, 1.7981030941009521, 1.801103115081787, 1.9281103610992432, 2.0561177730560303, 2.1811249256134033, 2.3131322860717773, 2.5411453247070312, 2.5511460304260254, 2.7831592559814453, 2.9121665954589844, 3.1711814403533936, 3.3011889457702637, 3.433196544647217, 3.554203510284424, 3.6552093029022217, 3.800217390060425, 3.959226608276367, 4.433253765106201, 4.526258945465088, 4.663266897201538]",34,0,-1,0
3771,158,20180822392832.0,C9 C9 C9 C9 _ _ ,"[1.3800790309906006, 1.3860793113708496, 1.5130865573883057, 1.7380993366241455, 2.0951197147369385, 2.2251274585723877, 2.3141324520111084, 2.396137237548828, 2.5781474113464355, 2.9381680488586426, 3.082176446914673, 3.210183620452881, 3.4992001056671143, 3.6202070713043213, 3.6422083377838135, 3.7852165699005127, 3.929224729537964, 4.090234041213989, 4.233242034912109, 4.505257606506348, 4.696268796920776, 4.819275617599487, 4.97828483581543, 5.075290203094482, 5.1962971687316895, 5.337305307388306, 5.563318252563477, 5.643322706222534, 5.7933313846588135, 5.929339170455933, 6.295360088348389, 6.417366981506348, 6.547374486923218, 6.67838191986084, 7.001400470733643, 7.2274134159088135, 7.36842155456543]",0,0,1,0
3771,159,20180822392832.0,C9 C9 C9 C9 _ _ ,"[0.2720155715942383, 0.2870161533355713, 0.4150235652923584, 0.6480371952056885, 0.7780444622039795, 0.9150524139404297, 1.0450599193572998, 1.305074691772461, 1.567089557647705, 1.5990915298461914, 1.7110979557037354, 1.9841134548187256, 2.1281216144561768, 2.2231271266937256, 2.4281387329101562, 2.7841591835021973, 2.9561688899993896, 3.1831820011138916, 3.1991829872131348, 3.443197011947632, 3.5062005519866943, 3.6692099571228027, 3.7912168502807617, 4.0052289962768555, 4.255243301391602, 4.431253433227539]",0,0,1,1
3771,160,20180822392832.0,C9 C9 C9 C9 _ _ ,"[0.3820216655731201, 0.6680381298065186, 0.9230527877807617, 1.3650779724121094, 1.5020859241485596, 1.6320931911468506, 1.8781073093414307, 1.8851077556610107, 2.0751185417175293, 2.268129587173462, 2.4251387119293213, 2.534144878387451, 2.6621522903442383, 3.008172035217285, 3.1811819076538086, 3.3091890811920166, 3.4381964206695557, 3.578204393386841, 3.7852165699005127, 3.8872222900390625, 4.236242294311523, 4.56826114654541]",0,0,1,0
3771,161,20180822392832.0,Bb8 Bb8 B8 Db8 _ _ ,"[1.9441111087799072, 2.056117534637451, 2.1851248741149902, 2.3141322135925293, 2.4591405391693115, 2.5881478786468506, 2.7181551456451416, 2.846162796020508, 2.982170343399048, 3.114177942276001, 3.241185188293457, 3.372192859649658, 3.486199378967285, 3.6302075386047363, 3.7512145042419434, 3.8792216777801514, 4.0232298374176025]",16,1,1,1
3771,162,20180822392832.0,C8 Gb8 F8 C8 _ _ ,"[0.8880510330200195, 1.3310761451721191, 1.4710841178894043, 1.6250929832458496, 1.7470998764038086, 1.8601064682006836, 1.8711071014404297, 2.0961198806762695, 2.2181267738342285, 2.3461341857910156, 2.529144763946533, 2.5611467361450195, 2.6871535778045654, 2.8151612281799316, 2.9241673946380615, 2.9451687335968018, 3.35319185256958, 3.354191780090332, 3.359192132949829, 3.487199544906616, 3.6312077045440674, 3.7762160301208496, 4.069232702255249, 4.431253433227539, 4.558260679244995, 4.659266471862793]",37,0,-1,0
3771,163,20180822392832.0,D9 G8 C8 G8 _ _ ,"[1.2420709133148193, 1.2480714321136475, 1.8751072883605957, 2.0961196422576904, 2.1011202335357666, 2.2021257877349854, 2.3501341342926025, 2.4271388053894043, 2.5681469440460205, 2.6961541175842285, 2.8411624431610107, 2.983170509338379, 3.215183734893799, 3.255186080932617, 3.481199026107788, 3.613206386566162, 3.7432138919830322, 3.8702211380004883, 4.1182355880737305, 4.215240955352783, 4.3752501010894775, 4.52025842666626, 4.66326642036438, 4.8422768115997314]",24,0,-1,0
3771,164,20180822392832.0,C9 C9 C9 C9 _ _ ,"[0.7580432891845703, 1.0150578022003174, 1.1460654735565186, 1.5270869731903076, 1.55708909034729, 1.7110977172851562, 1.7591004371643066, 1.9951138496398926, 2.1871249675750732, 2.725155830383301, 2.9621694087982178, 3.0551745891571045, 3.2121834754943848, 3.335190773010254, 3.5072004795074463, 3.6362078189849854, 3.7772159576416016, 3.8992228507995605, 4.053231477737427, 4.297245740890503, 4.415252447128296, 4.535259246826172, 4.646265506744385, 4.780273199081421]",0,0,1,1
3771,165,20180822392832.0,C9 C9 C9 C9 _ _ ,"[1.4300816059112549, 1.6280930042266846, 2.1101205348968506, 2.2411282062530518, 2.3261327743530273, 2.4611406326293945, 2.662152051925659, 2.8071603775024414, 2.860163450241089, 3.0641748905181885, 3.1921825408935547, 3.363192319869995, 3.4141950607299805, 3.5582032203674316, 3.7602150440216064, 3.8892223834991455, 4.020229816436768, 4.148236989974976, 4.298245906829834, 4.461255073547363, 4.630264759063721, 4.77327299118042, 4.871278524398804, 5.014286518096924, 5.261300802230835, 5.453311920166016]",0,0,1,1
3771,166,20180822392832.0,C9 C9 C9 C9 _ _ ,"[1.0500600337982178, 1.315075159072876, 1.444082498550415, 1.673095703125, 1.8041033744812012, 2.2001261711120605, 2.255128860473633, 2.36313533782959, 2.508143424987793, 2.620149850845337, 2.763158082962036, 2.892165422439575, 3.1511805057525635, 3.23018479347229, 3.4321963787078857, 3.471198558807373, 3.6242072582244873, 3.7702157497406006, 4.289245367050171, 4.420252799987793, 4.615264177322388, 4.666266918182373, 4.893279790878296]",0,0,1,0
3771,167,20180822392832.0,Gb8 E8 G8 D8 _ _ ,"[1.3780789375305176, 1.3880794048309326, 1.5100862979888916, 1.6420938968658447, 1.787102222442627, 2.037116527557373, 2.169123888015747, 2.3041317462921143, 2.4491400718688965, 2.4751415252685547, 2.6641523838043213, 2.7881593704223633, 2.894165515899658, 3.0331733226776123, 3.1661813259124756, 3.3071889877319336, 3.437196731567383, 3.452197551727295, 3.579204797744751, 3.707212209701538, 3.9952285289764404, 4.1232359409332275, 4.30224609375, 4.444254398345947, 4.587262392044067]",29,0,-1,0
3771,168,20180822392832.0,C8 Eb9 Db9 Ab8 _ _ ,"[1.2580721378326416, 1.3820791244506836, 1.5090863704681396, 1.7360992431640625, 1.7360992431640625, 1.8671069145202637, 1.9461114406585693, 2.2011258602142334, 2.364135503768921, 2.4511404037475586, 2.5591464042663574, 2.6881537437438965, 2.842162609100342, 3.1471800804138184, 3.3071892261505127, 3.465198278427124, 3.586205244064331, 3.6582095623016357, 3.8732216358184814, 3.9952287673950195, 4.138236999511719, 4.346248626708984, 4.506258010864258, 4.634265184402466, 4.793274402618408, 4.923281669616699]",20,0,-1,0
3771,169,20180822392832.0,D8 Gb8 Gb8 Eb9 _ _ ,"[1.5710899829864502, 2.0561177730560303, 2.0841193199157715, 2.1961257457733154, 2.360135078430176, 2.521144390106201, 2.651151657104492, 2.7791590690612793, 2.9091663360595703, 3.0421738624572754, 3.1701815128326416, 3.253185987472534, 3.366192579269409, 3.470198631286621, 3.590205430984497, 3.6672098636627197, 3.811218023300171, 4.260243654251099, 4.41125226020813, 4.819275617599487, 5.061289548873901, 5.28630256652832]",25,0,-1,0
3771,170,20180822392832.0,D8 Ab8 E8 E8 _ _ ,"[1.8201041221618652, 2.023115634918213, 2.145122766494751, 2.276130199432373, 2.418138265609741, 2.5361452102661133, 2.6661524772644043, 2.8931655883789062, 3.0311734676361084]",30,1,1,0
3771,171,20180822392832.0,A8 E8 D8 B8 _ _ ,"[1.8831074237823486, 2.14412260055542, 2.277130126953125, 2.500142812728882, 6.269358396530151, 6.321361541748047, 6.7543861865997314, 7.288416624069214]",22,1,1,0
3771,172,20180822392832.0,C9 C9 C9 C9 _ _ ,"[0.026001453399658203, 0.36202073097229004, 0.7870450019836426, 0.9180524349212646, 1.0480599403381348, 1.0660607814788818, 2.05511736869812, 2.1931254863739014, 2.3481342792510986, 2.423138380050659, 2.5551459789276123, 2.617149591445923, 3.0791759490966797, 3.221184015274048, 3.354191780090332, 3.622206926345825, 3.7552146911621094, 3.8672211170196533, 4.105234861373901, 4.2382423877716064, 4.378250360488892, 4.457254886627197]",0,0,1,0
3771,173,20180822392832.0,C9 C9 C9 C9 _ _ ,"[0.970055341720581, 1.0320589542388916, 1.3350763320922852, 1.336076259613037, 1.672095537185669, 1.802103042602539, 1.9311103820800781, 2.28013014793396, 2.391136646270752, 2.61514949798584, 2.647151231765747, 2.885164976119995, 3.015172243118286, 3.10617733001709, 3.259186267852783, 3.3951940536499023, 3.5272016525268555, 3.6562089920043945, 3.7672152519226074, 3.9272243976593018, 4.055231809616089, 4.199240207672119, 4.360249280929565, 4.504257440567017]",0,0,1,0
3771,174,20180822392832.0,C9 C9 C9 C9 _ _ ,"[1.1640665531158447, 1.1700670719146729, 1.427081823348999, 1.558089256286621, 1.5850908756256104, 1.8411054611206055, 2.238128185272217, 2.630150556564331, 2.7741589546203613, 2.849163055419922, 2.977170467376709, 3.12117862701416, 3.2671871185302734, 3.4101953506469727, 3.554203510284424, 3.841219902038574, 3.9852280616760254, 4.135236740112305, 4.32324743270874, 4.401252031326294, 4.614264249801636]",0,0,1,0
3771,175,20180822392832.0,Db8 Gb8 F8 E8 _ _ ,"[1.671095609664917, 1.7701013088226318, 1.8951084613800049, 2.052117347717285, 2.16412353515625, 2.2441282272338867, 2.408137798309326, 2.5471456050872803, 2.6791532039642334]",32,1,1,0
3771,176,20180822392832.0,Gb8 D8 F8 F8 _ _ ,"[1.1450653076171875, 1.6540944576263428, 1.6550943851470947, 2.1181211471557617, 2.247128486633301, 2.4931423664093018, 2.495142698287964, 2.8461625576019287]",30,1,1,0
3771,177,20180822392832.0,C8 A8 Eb8 Bb8 _ _ ,"[0.9190526008605957, 1.5210869312286377, 1.6500942707061768, 1.897108554840088, 2.1171209812164307, 2.2211267948150635, 2.542145252227783, 2.878164529800415, 2.892165422439575, 2.9531688690185547, 2.9581689834594727, 3.226184368133545, 3.354191541671753, 3.4992001056671143, 3.5152010917663574, 3.6422083377838135, 3.7862164974212646, 3.931224822998047, 4.27424430847168]",26,0,-1,0
3771,178,20180822392832.0,B8 Db8 C8 D8 _ _ ,"[1.4510831832885742, 1.888108253479004, 1.8981084823608398, 2.027116060256958, 2.14512300491333, 2.250128746032715, 2.39713716506958, 2.619149923324585, 2.6911540031433105, 2.7781589031219482, 2.9231672286987305, 3.0501744747161865, 3.330190658569336, 3.450197458267212, 3.594205856323242, 3.7232131958007812, 3.8662211894989014, 3.8862223625183105, 4.013229608535767, 4.313246726989746, 4.541260004043579]",34,0,-1,1
3771,179,20180822392832.0,C9 C9 C9 C9 _ _ ,"[1.4940855503082275, 1.5140864849090576, 1.7220985889434814, 1.7250986099243164, 1.8331048488616943, 1.9631123542785645, 1.9961140155792236, 2.4251389503479004, 2.510143756866455, 2.727156162261963, 2.838162422180176, 3.004171848297119, 3.4071950912475586, 3.433196544647217, 3.6672096252441406, 3.7832164764404297, 3.936225175857544, 4.069232702255249, 4.345248460769653, 4.475255966186523, 4.601263046264648, 4.8432769775390625, 5.064289808273315]",0,0,1,0
3771,180,20180822392832.0,C9 C9 C9 C9 _ _ ,"[1.549088478088379, 1.677095890045166, 1.7671010494232178, 1.790102243423462, 1.9751129150390625, 2.0611178874969482, 2.3411338329315186, 2.4711413383483887, 2.5681469440460205, 2.6691527366638184, 2.8131608963012695, 2.9571690559387207, 3.085176467895508, 3.259186267852783, 3.389193534851074, 3.5542032718658447, 3.708211898803711, 3.93322491645813, 4.271244287490845, 4.41825270652771, 4.559260606765747, 4.790273904800415, 4.89628005027771, 5.027287483215332, 5.426310300827026, 5.480313539505005, 5.778330326080322]",0,0,1,0
3771,181,20180822392832.0,C9 C9 C9 C9 _ _ ,"[0.8890507221221924, 1.197068452835083, 1.316075086593628, 1.565089464187622, 1.6650950908660889, 1.8231041431427002, 2.2061259746551514, 2.3671352863311768, 2.4801418781280518, 2.608149290084839, 2.733156204223633, 2.86116361618042, 3.010172128677368, 3.1841819286346436, 3.3061890602111816, 3.487199306488037, 3.6512086391448975, 3.8582205772399902, 4.141236782073975, 4.268243789672852, 4.412252426147461]",0,0,1,0
3771,182,20180822392832.0,Gb8 G8 Ab8 A8 _ _ ,"[0.8960511684417725, 1.0470600128173828, 1.1840674877166748, 1.2320704460144043, 1.312075138092041, 1.3600778579711914, 1.5850906372070312, 1.7250988483428955, 1.7440998554229736, 2.0911195278167725, 2.3311333656311035, 2.4391396045684814, 2.5351450443267822, 2.544145345687866, 2.8151609897613525, 2.9531688690185547, 3.11417818069458, 3.254185914993286, 3.3951940536499023, 3.5222015380859375, 3.6522088050842285, 3.819218397140503, 3.953226089477539, 4.080233573913574, 4.2412426471710205, 4.408252239227295, 4.634265184402466, 4.641265392303467]",18,0,-1,0
3771,183,20180822392832.0,Db9 C8 Db8 D9 _ _ ,"[1.5850903987884521, 1.5980913639068604, 1.6320934295654297, 1.7741014957427979, 1.90510892868042, 2.038116455078125, 2.168123960494995, 2.2071261405944824, 2.3371334075927734, 2.4631407260894775, 2.5911481380462646, 3.0591747760772705, 3.1891822814941406, 3.4351963996887207, 3.449197292327881, 3.613206386566162, 3.681210517883301, 3.8622210025787354, 3.9972283840179443, 4.257243633270264, 4.393251180648804]",26,0,-1,0
3771,184,20180822392832.0,Gb8 G8 Gb8 D9 _ _ ,"[1.563089370727539, 1.6930968761444092, 1.7140979766845703, 1.8261044025421143, 2.0921194553375244, 2.2201268672943115, 2.3511343002319336, 2.4951424598693848, 2.612149238586426, 2.741156816482544, 2.877164363861084, 3.008172035217285, 3.4401967525482178, 3.572204113006592, 3.702211856842041, 3.835219383239746, 3.969226837158203, 4.103234529495239, 4.226241588592529, 4.423252820968628, 4.614264011383057, 4.744271278381348, 4.80727481842041, 4.996285676956177, 5.078290224075317, 5.250300168991089, 5.378307580947876, 5.590319871902466, 5.718327045440674, 6.24135684967041]",19,0,-1,0
3771,185,20180822392832.0,C9 C9 C9 C9 _ _ ,"[1.443082571029663, 1.5170867443084717, 1.9081089496612549, 2.1251213550567627, 2.3321332931518555]",0,1,-1,0
3771,186,20180822392832.0,C9 C9 C9 C9 _ _ ,"[1.5640895366668701, 2.0961201190948486, 2.528144598007202, 2.9201672077178955, 3.0571749210357666, 3.1921825408935547, 3.330190658569336, 3.459197998046875, 3.6302077770233154, 3.7622151374816895, 4.2422425746917725, 4.383250713348389, 4.52725887298584, 4.767272710800171, 4.901280164718628]",0,0,1,1
3771,187,20180822392832.0,C9 C9 C9 C9 _ _ ,"[1.9211101531982422, 2.150123119354248, 2.497142791748047, 2.612149477005005, 2.845162868499756, 2.9301676750183105, 3.086176633834839, 3.216184139251709, 3.445197105407715, 3.457197904586792, 3.601206064224243, 3.7452142238616943, 3.9742274284362793, 4.104234933853149, 4.2362425327301025, 4.338248252868652, 4.465255498886108, 4.669267177581787, 4.769272804260254, 4.929282188415527]",0,0,1,0
3771,188,20180822392832.0,F8 D9 Bb8 Eb8 _ _ ,"[1.0510599613189697, 2.147122621536255, 2.28013014793396]",20,1,1,0
3771,189,20180822392832.0,C8 Bb8 F8 Gb8 _ _ ,"[1.9501113891601562, 2.1051201820373535, 2.174124240875244, 2.3011314868927, 2.4301388263702393]",27,1,1,0
3771,190,20180822392832.0,Eb8 D8 Ab8 Ab8 _ _ ,"[1.1550662517547607, 1.2650725841522217, 1.301074504852295, 1.3610777854919434, 1.4880852699279785, 1.8461058139801025, 2.2171270847320557, 2.3511345386505127, 2.743156909942627, 2.874164342880249, 2.9481687545776367, 3.1421799659729004, 3.2711870670318604, 3.3771934509277344, 3.5362024307250977, 3.676210403442383, 3.7802164554595947, 3.921224355697632, 4.263243913650513]",27,0,-1,0
3771,191,20180822392832.0,C9 C9 C9 C9 _ _ ,"[1.2150697708129883, 1.2630722522735596, 1.3620779514312744, 1.4640836715698242, 1.6500945091247559, 1.663095235824585, 1.8431055545806885, 1.903108835220337, 2.1111209392547607, 2.242128372192383, 2.271130084991455, 2.399137258529663, 2.6941542625427246, 2.6951541900634766, 3.0561749935150146, 3.207183599472046, 3.327190399169922, 3.478199005126953, 3.692211151123047, 3.828218936920166, 3.959226369857788, 4.346248626708984, 4.652266263961792, 4.894279956817627, 5.069289922714233]",0,0,1,0
3771,192,20180822392832.0,C9 C9 C9 C9 _ _ ,"[1.1360647678375244, 1.5210871696472168, 1.6460940837860107, 1.91910982131958, 2.01411509513855, 2.25312876701355, 2.3501343727111816, 2.4781417846679688, 2.7201554775238037, 2.750157356262207, 2.981170415878296, 3.110177993774414, 3.25018572807312, 3.3831934928894043, 3.5142009258270264, 3.6452083587646484, 3.9072234630584717, 4.030230283737183, 4.334247827529907, 4.4782562255859375, 4.71226954460144]",0,0,1,1
3771,193,20180822392832.0,C9 C9 C9 C9 _ _ ,"[1.431082010269165, 1.542088270187378, 1.6460943222045898, 1.7741014957427979, 1.8461055755615234, 2.2251274585723877, 2.238128185272217, 2.367135524749756, 2.494142770767212, 2.6801533699035645, 3.0401742458343506, 3.1691815853118896, 3.348191499710083, 3.475198984146118, 3.598206043243408, 4.173238754272461, 4.412252426147461]",0,0,1,0
3771,194,20180822392832.0,Eb8 G8 Db9 Bb8 _ _ ,"[1.8051033020019531, 2.0831193923950195, 2.2171268463134766, 2.3531346321105957, 2.4611408710479736, 2.645151376724243]",17,1,1,0
3771,195,20180822392832.0,D8 Gb8 C9 C8 _ _ ,"[1.5980916023254395, 1.7320992946624756, 2.0971200466156006, 2.2991316318511963, 2.3571348190307617]",28,1,1,0
3771,196,20180822392832.0,Eb9 C9 F8 C8 _ _ ,"[1.4770843982696533, 1.5020859241485596, 1.6190924644470215, 1.781101942062378, 2.039116621017456, 2.173124313354492, 2.2041261196136475, 2.3341336250305176, 2.4441399574279785, 2.5861480236053467, 2.7171554565429688, 2.9481685161590576, 2.972170114517212, 3.207183361053467, 3.337190866470337, 3.46919846534729, 3.604206085205078, 3.7692155838012695, 3.835219621658325, 4.389251232147217, 4.390251159667969, 4.508257865905762, 4.652266025543213]",22,0,-1,1
3771,197,20180822392832.0,C9 C9 C9 C9 _ _ ,"[1.9761133193969727, 1.9921140670776367, 2.0891196727752686, 2.2251274585723877, 2.369135618209839, 2.49914288520813, 2.639151096343994]",0,1,-1,0
3771,198,20180822392832.0,C9 C9 C9 C9 _ _ ,"[1.6650950908660889, 1.7571005821228027, 1.7611007690429688, 1.9811131954193115, 2.0981199741363525, 2.292130947113037, 2.415138006210327, 2.623150110244751, 2.739156484603882, 2.870163917541504, 3.231184720993042, 3.35919189453125, 3.5032002925872803, 3.6472086906433105, 3.8872222900390625, 4.0172295570373535, 4.160237789154053, 4.290245294570923, 4.423252820968628, 4.551260232925415]",0,0,1,1
3771,199,20180822392832.0,C9 C9 C9 C9 _ _ ,"[1.3910796642303467, 1.5190870761871338, 1.6310935020446777, 1.7430999279022217, 1.8711071014404297, 2.1111209392547607, 2.2391281127929688]",0,1,-1,0
3771,200,20180822392832.0,Bb8 C9 E8 E8 _ _ ,"[1.3290760517120361, 1.4580833911895752, 1.5880908966064453, 1.6470942497253418, 1.78910231590271, 1.923110008239746, 2.155123233795166, 2.4221384525299072, 2.4481401443481445, 4.884279489517212, 4.990285396575928, 5.022287130355835, 6.702383518218994, 7.069404125213623, 7.199411869049072]",18,1,1,0
3771,201,20180822392832.0,Gb8 Eb9 D8 Eb8 _ _ ,"[0.12700724601745605, 0.39402270317077637, 0.5100293159484863, 0.8210470676422119, 1.081061840057373, 1.2420709133148193, 1.2680726051330566, 1.4890851974487305, 1.6200926303863525, 1.6520943641662598, 1.8831079006195068, 2.2371280193328857, 2.3471341133117676, 2.5411453247070312, 2.5431454181671143, 2.6751530170440674, 2.8031601905822754, 2.9481687545776367, 3.091176748275757, 3.364192485809326, 3.5082006454467773, 3.5232014656066895, 3.5392024517059326, 3.6532089710235596, 3.81021785736084, 3.95422625541687, 4.13123631477356, 4.274244546890259, 4.563260793685913, 4.69826865196228]",28,0,-1,0
3771,202,20180822392832.0,C8 Gb8 E8 D9 _ _ ,"[0.9090521335601807, 0.9830565452575684, 1.072061538696289, 1.3180756568908691, 1.320075511932373, 1.3710784912109375, 1.4590835571289062, 1.5860908031463623, 1.6960971355438232, 1.8041033744812012, 2.275130271911621, 2.473141670227051, 2.5671470165252686, 2.9421684741973877, 3.0711758136749268, 3.20318341255188, 3.6582093238830566, 3.919224500656128, 4.30324649810791, 4.3502490520477295, 4.584262371063232, 4.7062695026397705, 4.8402769565582275, 4.975284814834595]",28,0,-1,0
3771,203,20180822392832.0,F8 D8 E8 Bb8 _ _ ,"[1.680095911026001, 2.032116174697876, 2.14412260055542, 2.272130012512207, 2.399137258529663, 2.5411453247070312, 2.7801589965820312, 2.7841591835021973, 2.9441683292388916, 3.0801761150360107, 3.24418568611145, 3.376193046569824, 3.5042004585266113, 3.6652095317840576, 3.835219383239746, 4.068232774734497, 4.071233034133911, 4.207240581512451, 4.430253267288208, 4.52025842666626, 4.7092695236206055]",27,0,-1,0
3771,204,20180822392832.0,E8 B8 C8 C9 _ _ ,"[0.8870508670806885, 1.1100633144378662, 1.1740672588348389, 1.2870736122131348, 1.3660781383514404, 1.4940853118896484, 1.6220927238464355, 1.7350990772247314, 1.8471055030822754, 2.1031200885772705, 2.1991257667541504, 2.3411338329315186, 2.4541404247283936, 2.6731526851654053, 2.7911596298217773, 2.9211671352386475, 3.0491743087768555, 3.368192434310913, 3.5482029914855957, 3.717212677001953, 3.829219102859497, 3.979227304458618, 4.292245388031006, 4.405251741409302, 4.565261125564575, 4.693268537521362, 4.884279251098633, 5.029287576675415]",21,0,-1,0
3771,205,20180822392832.0,C9 C9 C9 C9 _ _ ,"[1.8891081809997559, 2.0951197147369385, 2.2251272201538086, 2.252128839492798, 2.4461400508880615, 2.5531458854675293, 2.6701529026031494, 2.7951598167419434, 2.9231672286987305, 3.0681755542755127, 3.1951828002929688, 3.339191198348999, 3.4962000846862793, 3.6272075176239014, 3.933225154876709, 4.298245668411255, 4.347248792648315]",0,0,1,1
3771,206,20180822392832.0,C9 C9 C9 C9 _ _ ,"[1.7440996170043945, 1.8561060428619385, 2.0941197872161865, 2.2371277809143066, 2.41013765335083]",0,1,-1,0
3771,207,20180822392832.0,C9 C9 C9 C9 _ _ ,"[1.9931137561798096, 2.0891194343566895, 2.2221269607543945, 2.3491342067718506, 2.4611406326293945, 2.5891478061676025, 2.746156930923462, 2.857163429260254, 2.985170602798462, 3.113178014755249, 3.255186080932617, 3.383193254470825, 3.601206064224243, 3.737213611602783, 3.8722214698791504, 3.9932281970977783, 4.256243467330933, 4.385250806808472, 4.536259174346924, 4.763272523880005, 4.893279790878296]",0,0,1,0
3771,208,20180822392832.0,Gb8 Eb8 C9 E8 _ _ ,"[1.6260929107666016, 1.675095796585083, 1.7220983505249023, 1.7751014232635498, 1.8361048698425293, 2.2191267013549805, 2.3411338329315186, 2.4671411514282227, 2.5911481380462646, 2.7181551456451416, 2.858163356781006, 3.016172409057617, 3.1471800804138184, 3.2901880741119385, 3.445197105407715, 3.596205472946167, 3.723212718963623, 3.85122013092041, 4.0012288093566895, 4.122235536575317, 4.268244028091431]",23,1,1,1
3771,209,20180822392832.0,C9 E8 D8 B8 _ _ ,"[0.469027042388916, 0.6140353679656982, 0.7870452404022217, 0.8770503997802734, 1.0160584449768066, 1.1000630855560303, 1.1600666046142578, 1.2900738716125488, 1.3950800895690918, 1.4970858097076416, 1.7300992012023926, 1.8421056270599365, 1.9701128005981445, 2.1011202335357666, 2.257129192352295, 2.498142957687378, 2.508143663406372, 2.6541519165039062, 2.7721588611602783, 2.9131669998168945, 3.1841824054718018, 3.1861824989318848, 3.316189765930176, 3.473198890686035, 3.602206230163574, 3.805217742919922, 3.8792221546173096]",19,0,-1,0
3771,210,20180822392832.0,D8 Ab8 A8 Db9 _ _ ,"[2.140122413635254, 2.1861250400543213, 2.3171327114105225, 2.3441343307495117, 2.4561405181884766, 2.5841476917266846, 2.845162868499756, 2.980170488357544, 3.111178159713745, 3.246185779571533, 3.3841936588287354, 3.5152010917663574, 3.7582149505615234, 3.8632211685180664, 4.007229328155518, 4.339248180389404, 4.428253173828125]",18,1,1,1
3771,211,20180822392832.0,G8 B8 G8 E8 _ _ ,"[2.043116807937622, 2.2041263580322266, 2.3121323585510254, 2.4311389923095703, 2.5531461238861084, 2.653151750564575, 2.8121609687805176, 2.9201672077178955, 3.1271791458129883, 3.335190773010254, 3.34019136428833, 3.5262017250061035, 3.569204330444336, 3.698211669921875, 3.842219829559326, 4.0002288818359375, 4.273244380950928]",19,0,-1,0
3771,212,20180822392832.0,C9 C9 C9 C9 _ _ ,"[0.7410426139831543, 0.8760499954223633, 1.0050575733184814, 1.0340590476989746, 1.1620664596557617, 1.3660781383514404, 1.4020802974700928, 1.798102855682373, 2.04211688041687, 2.1861250400543213, 2.3161325454711914, 2.5491459369659424, 2.5541460514068604, 2.7941596508026123, 2.9061660766601562, 3.0371737480163574, 3.1991829872131348, 3.243185520172119, 3.482199192047119, 3.6112067699432373, 3.72221302986145, 3.826218843460083, 3.947226047515869]",0,1,-1,1
3771,213,20180822392832.0,C9 C9 C9 C9 _ _ ,"[1.1360650062561035, 1.2320706844329834, 1.2810735702514648, 1.3600778579711914, 1.408080816268921, 1.4720842838287354, 1.6840965747833252, 1.7120981216430664, 1.8161039352416992, 1.8401052951812744, 2.1041204929351807, 2.2071263790130615, 2.381136417388916, 2.494142770767212, 2.8181614875793457, 2.8201615810394287, 2.9521689414978027, 3.088176727294922, 3.219184160232544, 3.348191738128662, 3.5062005519866943, 3.594205856323242, 3.7502148151397705, 3.919224500656128, 4.046231746673584, 4.334248065948486, 4.4802563190460205, 4.668267011642456]",0,0,1,0
3771,214,20180822392832.0,C9 C9 C9 C9 _ _ ,"[1.334076166152954, 1.4180810451507568, 1.547088384628296, 1.6570947170257568, 1.7100977897644043, 1.7691011428833008, 1.8281044960021973, 1.897108554840088, 2.04211688041687, 2.398137092590332, 2.633150577545166, 2.651151657104492, 2.8011603355407715, 3.0151724815368652, 3.35319185256958, 3.581204891204834, 3.710212230682373, 3.9132237434387207, 3.945225715637207, 4.113235235214233, 4.265244007110596, 4.419252872467041, 4.537259578704834]",0,0,1,0
3771,215,20180822392832.0,Db8 C8 D9 Db8 _ _ ,"[1.550088882446289, 2.006114959716797, 2.149122953414917, 2.4781417846679688, 6.107349395751953, 6.197354555130005, 6.461369752883911]",36,1,1,0
3771,216,20180822392832.0,B8 G8 Bb8 E8 _ _ ,"[0.32301855087280273, 0.3450195789337158, 0.5500316619873047, 1.061060905456543, 1.5140867233276367, 1.674095869064331, 2.2011258602142334, 2.5531461238861084, 2.767158269882202, 2.8911654949188232, 3.1501803398132324, 3.2821877002716064, 3.4241960048675537]",16,0,-1,0
3771,217,20180822392832.0,D8 Eb8 G8 D9 _ _ ,"[0.3910222053527832, 2.3141322135925293, 2.5541460514068604, 2.6801531314849854, 2.7971599102020264, 2.9061660766601562, 3.0361735820770264, 3.1621809005737305, 3.3061890602111816, 3.454197406768799, 3.594205379486084, 3.7442140579223633, 3.932224750518799, 4.058232069015503, 4.422252655029297, 4.530258893966675, 4.66326642036438, 4.794274091720581]",26,0,-1,0
3771,218,20180822392832.0,C9 C9 C9 C9 _ _ ,"[1.4870851039886475, 1.5890908241271973, 1.7180981636047363, 1.8481059074401855, 2.006114959716797, 2.132122039794922]",0,1,-1,0
3771,219,20180822392832.0,C9 C9 C9 C9 _ _ ,"[1.1040632724761963, 1.4800844192504883, 1.6000914573669434, 2.156123161315918, 2.28713059425354, 2.4281387329101562, 2.5571460723876953, 2.6881537437438965, 2.8211612701416016, 3.2781875133514404, 3.4171955585479736, 3.5492029190063477, 3.7762157917022705, 3.807217597961426, 3.935225248336792, 4.101234436035156, 4.292245626449585, 4.443253993988037, 4.566261053085327]",0,0,1,0
3771,220,20180822392832.0,C9 C9 C9 C9 _ _ ,"[1.4970858097076416, 1.6980972290039062]",0,1,-1,0
3771,221,20180822392832.0,C8 Bb8 E8 D9 _ _ ,"[1.197068691253662, 1.3350768089294434, 1.4670841693878174, 1.6030917167663574, 1.7330994606018066, 1.7571005821228027, 1.8851079940795898, 2.4501402378082275, 2.496142864227295, 2.626150608062744, 2.8301620483398438, 2.9491689205169678, 3.114178419113159, 3.229184865951538, 3.357192277908325, 3.5012004375457764, 3.7662155628204346, 3.8972229957580566, 4.018229961395264, 4.156237840652466, 4.253243446350098, 4.413252830505371, 4.728270769119263]",24,0,-1,0
3771,222,20180822392832.0,Db8 Eb8 Eb9 B8 _ _ ,"[2.0961196422576904, 2.2131266593933105, 2.4431395530700684, 2.4471397399902344, 2.5781471729278564, 2.7111549377441406, 2.8381621837615967, 2.9581689834594727, 3.102177143096924, 3.2981884479522705, 3.5082006454467773, 3.596205472946167, 3.7342135906219482, 3.8662209510803223, 3.9822275638580322, 4.1272361278533936, 4.285245180130005, 4.497257232666016]",24,0,-1,0
3771,223,20180822392832.0,C9 Eb9 E8 E8 _ _ ,"[1.6250929832458496, 1.7641010284423828, 1.8951084613800049, 2.157123327255249, 2.2911312580108643, 2.3011314868927, 2.4291388988494873, 2.627150297164917, 2.761157989501953, 3.121178388595581, 3.2601864337921143, 3.4041945934295654, 3.6482086181640625, 3.7842166423797607, 3.9192240238189697, 4.051231861114502, 4.332247972488403]",19,0,-1,0
3771,224,20180822392832.0,D9 Eb8 Gb8 C8 _ _ ,"[1.5110864639282227, 1.5730900764465332, 1.7370994091033936, 1.9701125621795654, 2.1041204929351807, 2.2341277599334717, 2.3191328048706055, 2.4201385974884033, 2.617149829864502, 2.6941540241241455, 2.8361623287200928, 2.980170726776123, 3.1561806201934814, 3.1721816062927246, 3.2871880531311035, 3.4171955585479736, 3.7432141304016113, 3.8602206707000732, 4.005229234695435, 4.372250318527222]",29,0,-1,0
3771,225,20180822392832.0,F8 Bb8 E8 E8 _ _ ,"[1.7691011428833008, 1.8361051082611084, 1.9641122817993164, 2.0951197147369385, 2.257129192352295, 2.294131278991699, 2.4191384315490723, 2.5921483039855957, 2.729156255722046, 2.858163356781006, 2.994171142578125, 3.484199285507202, 3.6332080364227295, 3.7682154178619385, 4.194239854812622, 4.210240840911865, 4.339248180389404, 4.4812562465667725]",25,0,-1,0
3771,226,20180822392832.0,C9 C9 C9 C9 _ _ ,[2.133121967315674],0,1,-1,0
3771,227,20180822392832.0,C9 C9 C9 C9 _ _ ,"[1.0640606880187988, 1.1410651206970215, 1.200068473815918, 1.2630720138549805, 1.3900794982910156, 1.5030858516693115, 1.6300930976867676, 1.7581005096435547, 1.806103229522705, 1.8901078701019287, 2.1261215209960938, 2.256129026412964, 2.382136106491089, 2.511143445968628, 2.638150691986084, 2.882164716720581, 2.991170883178711, 3.358191728591919, 3.5032002925872803, 3.7412140369415283, 3.8732213973999023, 4.257243394851685]",0,0,1,0
3771,228,20180822392832.0,C9 C9 C9 C9 _ _ ,"[1.4510829448699951, 1.4720842838287354, 1.5920910835266113, 1.7190983295440674, 1.8241045475006104, 1.9531118869781494, 2.0651183128356934, 2.1831250190734863, 2.3201329708099365]",0,1,-1,0
3771,229,20180822392832.0,C9 C9 C9 C9 _ _ ,"[1.1670665740966797, 1.2140693664550781, 1.2780730724334717, 1.3900794982910156, 1.5230870246887207, 1.6300930976867676, 1.695096731185913, 1.7581005096435547, 1.8981084823608398, 2.1211211681365967, 2.4351394176483154, 2.647151470184326, 2.655151844024658, 2.7991600036621094, 3.2601864337921143, 3.3911938667297363, 3.5492029190063477, 3.6802103519439697, 3.9872279167175293, 4.022229909896851, 4.6082634925842285]",0,0,1,0
3771,230,20180822392832.0,Db8 G8 C9 B8 _ _ ,"[1.7701013088226318, 1.786102294921875, 1.9321105480194092, 2.156123399734497, 2.157123565673828, 2.290130853652954, 2.4211385250091553, 2.7901597023010254, 2.9211671352386475, 3.0441741943359375, 3.208183526992798, 3.342191457748413, 3.473198890686035, 3.6112067699432373, 3.805217742919922, 3.934225082397461, 4.074233055114746, 4.202240467071533, 4.506258010864258, 4.682267904281616]",17,0,-1,0
3771,231,20180822392832.0,B8 Gb8 E8 Db9 _ _ ,"[0.8040461540222168, 0.9160525798797607, 1.2310705184936523, 1.5950911045074463, 1.7260987758636475, 1.7310991287231445, 2.0891194343566895, 2.2431282997131348, 2.39713716506958]",16,1,1,0
3771,232,20180822392832.0,Db8 Db8 E8 E8 _ _ ,"[1.5660898685455322, 1.8001031875610352, 1.8711071014404297, 1.9991145133972168, 2.1781246662139893, 2.279130458831787, 2.38313627243042, 2.52714467048645]",38,1,1,0
3771,233,20180822392832.0,Db9 F8 B8 F8 _ _ ,"[1.9861135482788086, 2.0991201400756836, 2.151123046875, 2.2331275939941406, 2.370135545730591, 2.501142978668213, 2.75215744972229, 2.755157470703125, 2.874164342880249, 3.0251729488372803, 3.3151895999908447, 3.317189931869507, 3.453197479248047, 3.610206365585327, 3.7532145977020264, 3.9892282485961914, 4.121235609054565, 4.258243560791016]",16,0,-1,0
3771,234,20180822392832.0,Bb8 D8 E8 Db9 _ _ ,"[1.9531118869781494, 2.048117160797119, 2.159123420715332, 2.3421339988708496, 2.488142251968384, 2.511143684387207, 2.639151096343994, 2.7831592559814453, 3.010172128677368, 3.0551748275756836, 3.2741873264312744, 3.3961942195892334, 3.577204704284668, 3.6682097911834717, 3.809217929840088, 3.952225923538208, 4.223241806030273, 4.373250246047974, 4.511258125305176]",21,0,-1,0
3771,235,20180822392832.0,D9 D9 A8 D8 _ _ ,"[1.784101963043213, 1.913109302520752, 2.162123680114746, 2.293131113052368, 2.3601346015930176, 2.488142251968384, 2.9601693153381348, 3.090176582336426, 3.226184606552124, 3.5072004795074463, 3.6432082653045654, 3.7612149715423584, 3.8932225704193115, 4.0082292556762695, 4.137236595153809, 4.279244661331177, 4.426253080368042, 4.657266139984131]",17,0,-1,0
3771,236,20180822392832.0,C8 D8 E8 Ab8 _ _ ,"[1.3570778369903564, 1.4720842838287354, 1.6040918827056885, 1.7150981426239014, 1.788102388381958, 1.8381052017211914, 2.0971200466156006, 2.3181328773498535, 2.638150930404663, 2.7671585083007812, 2.8981661796569824, 3.0371737480163574, 3.197183132171631, 3.325190544128418, 3.562203884124756, 3.705211877822876, 3.828219175338745, 4.023230314254761, 4.076233148574829, 4.220241546630859, 4.388251304626465, 4.566261291503906]",34,0,-1,0
3771,237,20180822392832.0,C9 C9 C9 C9 _ _ ,"[2.4151382446289062, 2.511143684387207, 2.52714467048645, 2.6711528301239014, 2.9271674156188965]",0,1,-1,0
3771,238,20180822392832.0,C9 C9 C9 C9 _ _ ,"[1.2540719509124756, 1.4020802974700928, 1.5210869312286377, 1.651094675064087, 1.780102014541626, 1.8821079730987549, 2.149123191833496]",0,1,-1,0
3771,239,20180822392832.0,C9 C9 C9 C9 _ _ ,"[2.4721412658691406, 2.5471458435058594, 2.6881535053253174, 2.8161609172821045, 2.965169668197632, 3.33219051361084, 3.470198631286621, 3.609206199645996, 3.842219591140747, 3.852220058441162, 3.9942281246185303, 4.314246654510498, 4.4792561531066895]",0,0,1,0
3771,240,20180822392832.0,C9 C9 C9 C9 _ _ ,"[1.9661126136779785, 1.9861135482788086, 2.1301217079162598, 2.247128486633301, 2.3541345596313477, 2.4821419715881348, 2.612149477005005, 2.74515700340271, 2.883164882659912, 3.011172294616699, 3.1541802883148193, 3.2981884479522705, 3.445197105407715, 3.6192069053649902, 3.7462141513824463, 3.8902225494384766, 4.050231456756592, 4.306246280670166, 4.496257066726685]",0,0,1,0
3771,241,20180822392832.0,C9 C9 C9 C9 _ _ ,"[1.3250761032104492, 1.3930799961090088, 1.5300877094268799, 1.655094861984253, 1.7451000213623047, 1.8731071949005127, 2.2151267528533936, 2.241128444671631, 2.5611467361450195, 2.5621466636657715, 2.638150930404663, 2.769158363342285, 3.1241791248321533, 3.3931944370269775]",0,1,-1,1
3771,242,20180822392832.0,Gb8 D8 Eb8 Eb9 _ _ ,"[1.2820734977722168, 1.4130809307098389, 1.443082571029663, 1.555088996887207, 1.688096523284912, 1.8041036128997803, 1.8131039142608643, 1.9221100807189941, 1.9231102466583252, 2.13812255859375, 2.276130437850952, 2.3071320056915283, 2.4341394901275635, 2.6681530475616455]",28,1,1,0
3771,243,20180822392832.0,Db8 Gb8 Db8 D8 _ _ ,"[1.3420765399932861, 1.3590774536132812, 1.4220812320709229, 1.5340876579284668, 1.6470942497253418, 1.7781016826629639, 1.9021086692810059, 1.9511115550994873, 2.016115188598633, 2.142122507095337, 2.255129098892212, 2.38313627243042, 2.510143280029297, 2.638150930404663, 2.7891592979431152, 2.9161665439605713, 3.0391738414764404, 3.1841819286346436, 3.3111894130706787, 3.470198392868042, 3.616206645965576, 3.7592151165008545, 4.116235256195068, 4.351248741149902]",38,0,-1,0
3771,244,20180822392832.0,D8 F8 D9 D8 _ _ ,"[1.4660837650299072, 1.5780901908874512, 1.6130921840667725, 1.7070975303649902, 1.7220983505249023, 1.8391051292419434, 2.1011202335357666, 2.2311275005340576, 2.2501285076141357, 2.378135919570923, 2.5471456050872803, 2.6801533699035645, 2.8111608028411865, 3.1941826343536377, 3.322190046310425, 3.6692097187042236, 3.83121919631958, 3.96722674369812, 4.082233428955078, 4.593262434005737, 4.6162638664245605]",29,0,-1,0
3771,245,20180822392832.0,C9 C9 C9 C9 _ _ ,"[1.6410939693450928, 1.668095350265503, 1.7310991287231445, 1.8491058349609375, 1.9771132469177246]",0,1,-1,0
3771,246,20180822392832.0,C9 C9 C9 C9 _ _ ,"[1.9911139011383057, 1.9951143264770508, 2.2151267528533936, 2.2191269397735596, 2.3541345596313477, 2.4781417846679688, 2.7031548023223877, 2.731156349182129, 2.967169761657715, 3.003171920776367, 3.224184274673462, 3.324190139770508, 3.4951999187469482, 3.6212069988250732, 3.7422142028808594, 3.8822221755981445, 4.144237041473389, 4.324247360229492, 4.376250267028809]",0,0,1,0
3771,247,20180822392832.0,C9 C9 C9 C9 _ _ ,"[1.3770787715911865, 1.538088083267212, 1.7010974884033203, 1.8131039142608643, 2.055117607116699, 2.1811249256134033, 2.3171324729919434, 2.532144784927368, 2.5971486568450928, 2.7781591415405273, 2.865164041519165, 2.98417067527771, 3.126178741455078, 3.3801932334899902, 3.7782161235809326, 3.949225902557373, 4.50025749206543, 4.858277797698975, 4.994285821914673, 5.130293607711792]",0,0,1,0
3771,248,20180822392832.0,C9 C9 C9 C9 _ _ ,"[1.197068452835083, 1.332076072692871, 1.4000802040100098, 1.5120863914489746, 1.6400935649871826, 1.689096450805664, 1.7691009044647217, 1.8951082229614258, 1.896108627319336, 2.024115562438965, 2.168123960494995, 2.3121323585510254, 2.412137985229492, 2.5391452312469482, 2.8121607303619385, 2.8231613636016846, 3.0631752014160156, 3.095176935195923, 3.3281900882720947, 3.463197946548462, 3.59920597076416, 3.728213310241699, 3.9752273559570312, 4.185239315032959, 4.315246820449829, 4.4802563190460205]",0,0,1,0
3771,249,20180822392832.0,Db8 E8 Db9 Db9 _ _ ,"[1.5290873050689697, 1.6580946445465088, 1.7420992851257324, 1.8631064891815186, 2.135122060775757, 2.284130334854126, 2.382136106491089, 2.514143705368042, 2.665152072906494, 2.775158643722534, 2.999171495437622, 3.104177474975586, 3.24318528175354, 3.609206199645996]",21,1,1,1
3771,250,20180822392832.0,Eb9 E8 Eb9 F8 _ _ ,"[1.3420767784118652, 1.4590833187103271, 1.5890908241271973, 1.7220985889434814, 2.024115800857544, 2.031116247177124, 2.170124053955078, 2.2981314659118652, 2.4231386184692383, 2.5741472244262695, 2.7101550102233887, 2.839162588119507, 3.0211727619171143, 3.0711758136749268, 3.2931885719299316, 3.4221959114074707, 3.7302134037017822, 3.8632209300994873, 3.9942286014556885]",21,0,-1,0
3771,251,20180822392832.0,Ab8 E8 A8 Db9 _ _ ,"[1.5310876369476318, 1.558089017868042, 1.688096523284912, 1.798102617263794, 1.911109209060669, 2.022115468978882, 2.150122880935669, 2.3231327533721924, 2.4381392002105713, 2.5731470584869385, 2.7051546573638916, 2.8431625366210938, 2.972169876098633, 3.108177900314331, 3.232184648513794, 3.238185167312622, 3.501199960708618, 3.5252015590667725, 3.7772159576416016, 3.92622447013855, 3.958226442337036, 4.451254367828369]",16,0,-1,1
3771,252,20180822392832.0,Ab8 Db8 Gb8 Db8 _ _ ,"[1.8651068210601807, 1.8871078491210938, 1.9991142749786377, 2.1111207008361816, 2.2241270542144775, 2.3581347465515137, 2.4821419715881348, 2.6081490516662598, 2.846162796020508, 3.0191726684570312, 3.0231728553771973, 3.1821818351745605, 3.347191333770752, 3.5072004795074463, 3.6732099056243896, 3.836219310760498, 3.966226816177368, 4.09723424911499, 4.349248886108398, 4.577261686325073, 4.710269212722778]",32,0,-1,0
3771,253,20180822392832.0,Gb8 B8 Ab8 Db8 _ _ ,"[1.7561006546020508, 1.8491058349609375, 2.0961198806762695, 2.242128372192383, 2.371135711669922, 2.4401395320892334, 2.5691471099853516, 2.750157356262207, 3.113178014755249, 3.2561862468719482, 3.5042004585266113, 3.6452085971832275, 3.7312135696411133, 4.064232349395752, 4.289245367050171]",22,0,-1,0
3771,254,20180822392832.0,E8 Bb8 Eb9 G8 _ _ ,"[2.003114700317383, 2.1151211261749268, 2.2271275520324707, 2.4221386909484863]",18,1,1,0
3771,255,20180822392832.0,Bb8 Gb8 F8 C8 _ _ ,"[1.9001085758209229, 2.007114887237549, 2.135122299194336, 2.263129472732544, 2.407137632369995, 2.5681467056274414]",27,1,1,0
3771,256,20180822392832.0,C9 D8 Eb8 Eb9 _ _ ,"[2.1121208667755127, 2.2391281127929688, 2.4661409854888916, 2.4661409854888916, 2.614149332046509, 2.73115611076355, 2.864163875579834, 2.99117112159729, 3.1601808071136475, 3.2901883125305176, 3.4241957664489746, 3.6542088985443115, 3.8792216777801514, 4.032230615615845, 4.280244588851929, 4.410252332687378]",22,0,-1,0
3771,257,20180822392832.0,C9 C9 C9 C9 _ _ ,"[0.9520542621612549, 1.064060926437378, 1.2220697402954102, 1.2820734977722168, 1.4200811386108398, 1.5220870971679688, 1.6340935230255127, 1.7621006965637207, 1.8261044025421143, 1.8931083679199219, 2.019115447998047, 2.1301217079162598, 2.264129638671875, 2.39013671875, 2.49914288520813, 2.8341622352600098, 2.8351621627807617, 2.9411680698394775, 3.204183340072632, 3.218184232711792, 3.362192392349243, 3.5472028255462646, 3.681210517883301, 3.841219663619995, 3.9692270755767822, 4.2422425746917725]",0,1,-1,1
3771,258,20180822392832.0,C9 C9 C9 C9 _ _ ,"[1.544088363647461, 1.5510890483856201, 1.676095962524414, 1.789102554321289, 1.918109655380249, 2.1721243858337402, 2.2751305103302, 2.4421398639678955, 2.5721473693847656, 2.6981544494628906, 2.9121668338775635, 2.9421684741973877, 3.076176166534424, 3.3091893196105957, 3.439197063446045, 3.6232075691223145, 3.667210102081299, 3.822218894958496, 3.931225061416626, 4.035231113433838, 4.163238525390625, 4.295245885848999, 4.451254844665527]",0,0,1,0
3771,259,20180822392832.0,C9 C9 C9 C9 _ _ ,"[2.115121364593506, 2.24712872505188, 2.382136344909668, 2.608149290084839, 2.623150110244751, 2.8001604080200195]",0,1,-1,0
3771,260,20180822392832.0,C9 C9 C9 C9 _ _ ,"[1.7330989837646484, 1.8211040496826172, 1.8461055755615234, 2.6761529445648193, 2.8051602840423584, 2.9651691913604736, 3.115177869796753, 3.246185302734375, 3.381193161010742, 3.5432024002075195, 3.6852104663848877, 4.038230657577515, 4.302245855331421, 4.452254295349121, 4.468255281448364, 4.579261541366577, 4.804274559020996]",0,0,1,1
3771,261,20180822392832.0,Ab8 G8 G8 Eb8 _ _ ,"[1.534087896347046, 1.792102575302124, 2.0651183128356934, 2.1941254138946533, 2.2021260261535645, 2.3461341857910156, 2.4581406116485596, 2.599148750305176, 2.7171554565429688, 2.9241673946380615, 3.0121724605560303, 3.1301791667938232, 3.2831878662109375, 3.4181954860687256, 3.5622036457061768, 3.7972171306610107, 4.027230262756348, 4.173238754272461, 4.382250547409058, 4.510257959365845, 4.666266918182373]",23,0,-1,0
3771,262,20180822392832.0,D8 Eb8 A8 E8 _ _ ,"[1.6120922565460205, 1.6150922775268555, 1.7330989837646484, 2.3341336250305176, 2.4421396255493164, 2.5781474113464355, 2.8031604290008545, 2.8141610622406006, 2.9421682357788086, 3.1881823539733887, 3.2931883335113525, 3.4231960773468018, 3.7872166633605957, 3.806217670440674, 4.03623104095459, 4.094234228134155, 4.25424337387085, 4.499257326126099]",30,0,-1,0
3771,263,20180822392832.0,C9 Eb8 B8 C8 _ _ ,"[1.5940914154052734, 1.7090981006622314, 2.00811505317688, 2.1871254444122314, 2.2281274795532227, 2.387136936187744, 2.5371451377868652, 2.600148916244507, 2.750157356262207, 2.86916446685791, 3.0111725330352783, 3.230185031890869, 3.36019229888916, 3.489199638366699, 3.7502148151397705, 3.907223701477051, 4.276244878768921, 4.413252592086792]",22,0,-1,0
3771,264,20180822392832.0,F8 E8 Eb8 Gb8 _ _ ,"[1.9781129360198975, 2.1191210746765137, 2.4651408195495605, 2.5941481590270996, 2.739156484603882, 2.8421623706817627, 2.9711697101593018, 3.0711753368377686, 3.215183734893799, 3.34519100189209, 3.486199140548706, 3.6302073001861572, 3.8702211380004883, 3.9992284774780273, 4.1292359828948975, 4.39025092124939, 4.719269752502441]",30,0,-1,0
3771,265,20180822392832.0,Db8 E8 Db9 A8 _ _ ,"[2.3491344451904297, 2.4811418056488037, 2.624150037765503, 2.6881537437438965, 2.894165515899658, 3.0251729488372803, 3.122178554534912, 3.2691867351531982, 3.3991944789886475, 3.5352020263671875, 3.6602091789245605, 3.821218490600586, 4.414252281188965, 4.543259620666504]",23,0,-1,0
3771,266,20180822392832.0,C9 C9 C9 C9 _ _ ,"[2.169124126434326, 2.2971315383911133, 2.420138359069824, 2.5361452102661133, 2.617149591445923, 2.746156930923462, 2.889165163040161, 3.0181727409362793, 3.4371964931488037, 4.11123514175415, 4.259243726730347]",0,0,1,0
3771,267,20180822392832.0,C9 C9 C9 C9 _ _ ,"[1.6140921115875244, 1.7260985374450684, 1.8381049633026123, 1.9631121158599854, 2.0781185626983643, 2.2091259956359863, 2.3501341342926025]",0,1,-1,0
3771,268,20180822392832.0,C9 C9 C9 C9 _ _ ,"[1.207068920135498, 1.3460769653320312, 1.4070804119110107, 1.42708158493042, 1.5180866718292236, 1.6310932636260986, 1.7591004371643066, 1.8121037483215332, 1.9021086692810059, 2.031116008758545, 2.143122434616089, 2.270129919052124, 2.382136344909668, 2.511143445968628, 2.651151657104492, 2.783159017562866, 2.963169574737549, 3.1451799869537354, 3.235184907913208, 3.3771932125091553, 3.5252015590667725, 3.6692099571228027, 3.83821964263916, 4.032230377197266, 4.501257419586182]",0,0,1,0
3771,269,20180822392832.0,E8 D9 D9 Gb8 _ _ ,"[2.2301275730133057, 2.371135711669922, 2.396136999130249, 2.524144411087036, 2.730156421661377, 2.860163688659668, 3.08717679977417, 3.3141896724700928, 3.455197811126709, 3.584205150604248]",18,1,1,1
3771,270,20180822392832.0,A8 Db9 F8 D8 _ _ ,"[1.5860905647277832, 1.7140977382659912, 2.1041202545166016, 2.2341275215148926, 2.3141322135925293, 2.3801357746124268, 2.632150411605835, 2.666152238845825, 2.785159111022949, 2.9241671562194824, 3.1621806621551514, 3.338190793991089, 3.4301960468292236, 3.5752041339874268, 3.740213632583618, 3.9072234630584717, 4.078233242034912]",21,0,-1,0
3771,271,20180822392832.0,C9 F8 D8 Db9 _ _ ,"[1.7180981636047363, 1.8511061668395996, 1.8541061878204346, 1.9821133613586426, 2.3401339054107666, 2.475141763687134, 2.612149477005005, 2.763158082962036, 2.7821590900421143, 3.0131726264953613, 3.137179374694824, 3.2691872119903564, 3.3971946239471436, 3.6752102375030518, 3.8922228813171387, 4.168238639831543, 4.367249965667725, 4.50725793838501]",18,0,-1,1
3771,272,20180822392832.0,C9 C9 C9 C9 _ _ ,"[2.0801188945770264, 2.3411340713500977, 2.355134963989258, 2.4821419715881348, 2.626150369644165, 2.755157709121704, 3.1841821670532227, 3.712212324142456, 3.9902284145355225, 4.105234861373901, 4.408252000808716]",0,0,1,0
3771,273,20180822392832.0,C9 C9 C9 C9 _ _ ,"[1.0350592136383057, 1.1850676536560059, 1.2360706329345703, 1.2910737991333008, 1.7240984439849854, 2.0041146278381348, 2.139122247695923, 2.3211326599121094]",0,1,-1,0
3771,274,20180822392832.0,C9 C9 C9 C9 _ _ ,"[3.6632094383239746, 3.7792160511016846, 3.942225456237793, 4.083233594894409]",0,1,-1,0
3771,275,20180822392832.0,Eb9 E8 Db8 Gb8 _ _ ,"[4.537259340286255, 4.680267572402954]",28,0,0,0
3771,276,20180822392832.0,Ab8 D9 Db9 Eb8 _ _ ,"[2.0931196212768555, 2.1141209602355957, 2.500143051147461, 2.5931484699249268, 2.8101608753204346, 2.975170373916626, 2.992171287536621, 3.3041889667510986, 3.3131892681121826, 3.45519757270813, 3.567203998565674, 4.287245273590088, 4.419252634048462]",16,0,-1,0
3771,277,20180822392832.0,D9 A8 D8 D9 _ _ ,"[1.812103509902954, 1.927110195159912, 2.0731184482574463, 2.147122621536255, 2.3281331062316895, 2.4671409130096436, 2.5961484909057617, 2.79215931892395, 2.7931597232818604, 3.013172149658203, 3.0431737899780273, 3.2801873683929443, 3.4081947803497314, 3.5502028465270996, 3.708211898803711, 3.827218532562256, 3.9712271690368652, 4.1312360763549805, 4.314246654510498]",17,0,-1,0
3771,278,20180822392832.0,C9 C9 C9 C9 _ _ ,"[1.678096055984497, 1.7961030006408691, 1.8911080360412598, 2.015115261077881, 2.238128185272217, 2.3581349849700928]",0,1,-1,0
3771,279,20180822392832.0,C9 C9 C9 C9 _ _ ,"[1.3690783977508545, 1.4910855293273926, 1.6350936889648438, 1.6610949039459229, 1.7981030941009521, 2.125121593475342, 2.141122579574585]",0,1,-1,0
3771,280,20180822392832.0,C9 C9 C9 C9 _ _ ,"[2.4641408920288086, 2.6911540031433105, 2.8221614360809326, 2.9561691284179688, 3.08717679977417, 3.221184253692627, 3.354191780090332, 3.556203603744507, 3.609206438064575, 3.846220016479492, 3.948225736618042, 4.109235048294067, 4.408252239227295, 4.625264644622803]",0,0,1,0
3771,281,20180822392832.0,C9 C9 C9 C9 _ _ ,"[2.5601463317871094, 2.8131608963012695, 2.9291672706604004, 3.0661752223968506, 3.1681811809539795, 3.3891937732696533, 3.5182011127471924, 3.6462085247039795, 3.7772159576416016, 3.9112236499786377, 4.050231456756592, 4.314246654510498, 4.464255332946777]",0,0,1,0
3771,282,20180822392832.0,F8 Eb9 E8 G8 _ _ ,"[1.9171099662780762, 2.3491344451904297, 2.4781417846679688, 2.606149196624756, 2.652151584625244, 2.9361679553985596, 2.9411685466766357, 3.084176540374756, 3.336191177368164, 3.466198444366455, 3.8712215423583984, 3.93422532081604, 4.076233386993408, 4.257243633270264, 4.397251605987549, 4.539259672164917]",23,0,-1,0
3771,283,20180822392832.0,Bb8 D8 F8 B8 _ _ ,"[1.2200698852539062, 1.2350707054138184, 2.5621466636657715, 2.7891595363616943, 2.878164529800415, 3.007172107696533, 3.1701812744140625, 3.4111950397491455, 3.474198579788208, 3.7832162380218506, 3.9182240962982178, 4.055231809616089]",20,0,-1,0
3771,284,20180822392832.0,F8 C9 Eb8 D8 _ _ ,"[2.992171049118042, 3.022172689437866, 3.13417911529541, 3.248185634613037, 3.367192506790161, 3.5022003650665283, 3.6302075386047363, 3.7902166843414307, 3.9192240238189697, 4.298245668411255, 4.426253080368042, 4.558260679244995, 4.747271299362183, 7.336419582366943]",26,0,-1,0
3771,285,20180822392832.0,C9 C9 C9 C9 _ _ ,"[0.3630208969116211, 0.6860394477844238, 0.8110463619232178, 0.8130466938018799, 0.9250533580780029, 1.0530602931976318, 1.169067144393921, 1.2850737571716309, 1.525087594985962, 1.5330877304077148, 1.661095142364502, 1.787102460861206, 1.789102554321289, 1.9221103191375732, 2.0521175861358643, 2.157123565673828, 2.2051265239715576, 2.3171329498291016, 2.4131381511688232, 2.5331451892852783, 2.6861538887023926, 2.8981661796569824, 2.999171733856201, 3.1311793327331543, 3.2711873054504395, 3.563203811645508]",0,1,-1,1
3771,286,20180822392832.0,C9 C9 C9 C9 _ _ ,"[2.149122714996338, 2.274129867553711, 2.404137372970581, 2.546145439147949, 2.6561520099639893, 2.7911596298217773, 4.499257326126099, 4.7322704792022705]",0,0,1,0
3771,287,20180822392832.0,C9 C9 C9 C9 _ _ ,"[4.42525315284729, 4.551260232925415, 4.650265693664551]",0,0,0,0
3771,288,20180822392832.0,Db8 F8 A8 F8 _ _ ,[2.4841420650482178],28,1,1,0
3771,289,20180822392832.0,Db8 F8 Eb9 G8 _ _ ,"[4.571261405944824, 4.695268392562866]",26,0,0,0
3771,290,20180822392832.0,F8 Gb8 Ab8 Bb8 _ _ ,"[7.0464026927948, 7.154408931732178, 7.298417091369629]",19,0,0,0
3771,291,20180822392832.0,Db9 Gb8 D8 Db8 _ _ ,"[0.023001432418823242, 0.16400957107543945, 0.2850165367126465, 0.30701756477355957, 0.6110348701477051, 0.8150467872619629, 0.9450540542602539, 1.074061393737793, 1.2510716915130615, 1.3940799236297607, 4.331247806549072, 4.3552491664886475, 4.6122636795043945]",28,0,0,0
3771,292,20180822392832.0,C8 Bb8 Eb9 Db9 _ _ ,[],18,0,0,0
3771,293,20180822392832.0,F8 Db8 F8 A8 _ _ ,[4.400251626968384],28,0,0,0
3771,294,20180822392832.0,C8 Bb8 Eb9 A8 _ _ ,[],20,0,0,0
3771,295,20180822392832.0,A8 G8 Gb8 Bb8 _ _ ,"[3.0611751079559326, 3.201183319091797]",16,1,1,0
3771,296,20180822392832.0,Db8 B8 D9 Db8 _ _ ,"[2.26712965965271, 2.649151563644409, 2.8121607303619385, 3.1851820945739746, 3.3151895999908447, 3.454197406768799, 3.596205711364746, 3.829219102859497, 4.330247640609741, 4.556260585784912, 4.690268039703369]",25,0,-1,1
3771,297,20180822392832.0,C9 C9 C9 C9 _ _ ,"[3.940225124359131, 4.086233854293823]",0,1,-1,0
3771,298,20180822392832.0,C9 C9 C9 C9 _ _ ,"[6.47337007522583, 6.594376802444458]",0,0,0,0
3771,299,20180822392832.0,C9 C9 C9 C9 _ _ ,[],0,0,0,0
3771,300,20180822392832.0,C9 C9 C9 C9 _ _ ,"[3.833219528198242, 3.953226327896118, 4.031230449676514, 4.143236875534058, 4.297245740890503, 4.431253671646118, 4.559260845184326, 4.711269378662109, 4.8312764167785645, 4.975284576416016, 5.104291915893555, 5.33330512046814, 6.925396203994751, 6.926396131515503, 7.086405515670776, 7.320418834686279]",0,0,1,1
3771,301,20180822392832.0,C9 C9 C9 C9 _ _ ,"[1.0250585079193115, 1.1560659408569336, 1.1680667400360107, 1.2990741729736328, 1.3610777854919434, 1.5240871906280518, 1.6300933361053467, 1.8941082954406738, 2.272130012512207, 2.53314471244812, 2.544145345687866, 2.776158571243286, 2.9271674156188965, 3.0431740283966064, 3.120178461074829, 3.2641866207122803, 3.4081950187683105, 3.5672037601470947, 3.720212697982788, 3.939225196838379, 4.344248533248901]",0,0,1,0
3771,302,20180822392832.0,C9 C9 C9 C9 _ _ ,"[2.7761588096618652, 2.97016978263855, 3.0721755027770996, 3.3241899013519287, 3.336190700531006, 3.4931998252868652, 3.5092005729675293, 3.72121262550354, 3.937225103378296, 3.957226276397705, 4.324247360229492, 4.5982630252838135, 4.7322704792022705]",0,0,1,0
3771,303,20180822392832.0,C9 C9 C9 C9 _ _ ,[],0,0,0,0
3771,304,20180822392832.0,C9 C9 C9 C9 _ _ ,[4.783273696899414],0,0,0,0
3771,305,20180822392832.0,C9 C9 C9 C9 _ _ ,"[2.431138753890991, 2.6941537857055664, 2.8221611976623535, 3.3001885414123535, 3.3101892471313477, 3.5532031059265137, 3.6842105388641357, 3.815217971801758, 3.954225778579712, 4.411252021789551]",0,0,1,0
3771,306,20180822392832.0,C9 C9 C9 C9 _ _ ,"[1.8801074028015137, 2.3161323070526123, 2.418138027191162, 2.5451455116271973, 2.658151865005493, 2.7921595573425293, 2.904165744781494, 3.117178201675415, 3.473198652267456, 3.6172068119049072, 3.8592207431793213]",0,0,1,0
3771,307,20180822392832.0,C9 A8 Db8 G8 _ _ ,[3.6652095317840576],19,1,1,0
3771,308,20180822392832.0,A8 Eb9 Eb8 Db9 _ _ ,"[1.7030973434448242, 1.7661011219024658]",16,0,0,0
3771,309,20180822392832.0,E8 D9 C8 Eb8 _ _ ,[5.397308588027954],31,0,0,0
3771,310,20180822392832.0,Db9 Ab8 G8 E8 _ _ ,[],18,0,0,0
3771,311,20180822392832.0,E8 Db9 D8 A8 _ _ ,[],22,0,0,0
3771,312,20180822392832.0,G8 C9 D8 Bb8 _ _ ,[],17,0,0,0
3771,313,20180822392832.0,Db9 G8 E8 E8 _ _ ,[],22,0,0,0
3771,314,20180822392832.0,B8 Eb8 E8 Db9 _ _ ,[],19,0,0,0
3771,315,20180822392832.0,Eb9 C9 Bb8 Db8 _ _ ,[6.025344610214233],16,0,0,0
3771,316,20180822392832.0,F8 Db9 Bb8 Gb8 _ _ ,[],16,0,0,0
3771,317,20180822392832.0,Gb8 G8 Eb8 Ab8 _ _ ,"[6.418367147445679, 6.684382200241089]",24,0,0,0
3771,318,20180822392832.0,Eb8 Db9 C8 Gb8 _ _ ,[],28,0,0,0
3771,319,20180822392832.0,Eb8 F8 B8 Ab8 _ _ ,"[5.868335723876953, 5.995343208312988, 6.253357648849487]",21,0,0,0
3771,320,20180822392832.0,F8 D8 C8 F8 _ _ ,[],36,0,0,0
3771,321,20180822392832.0,Db8 Db8 Db8 D8 _ _ ,[],43,0,0,0
3771,322,20180822392832.0,Db9 B8 Db8 Db8 _ _ ,"[2.526144504547119, 2.655151844024658, 2.6871535778045654, 2.7991600036621094, 3.0321731567382812, 3.0551745891571045, 3.2871878147125244, 3.4171953201293945, 3.5482029914855957, 3.6792104244232178, 3.7432138919830322, 3.9732272624969482, 4.106234788894653, 4.400251626968384, 5.2182981967926025]",24,0,-1,1
3771,323,20180822392832.0,F8 Eb9 Ab8 F8 _ _ ,"[1.7470998764038086, 1.7490999698638916, 2.1021203994750977, 2.1031203269958496, 2.2991316318511963, 2.3321332931518555, 2.4481399059295654, 2.6021487712860107, 2.7191553115844727, 2.9251673221588135, 3.091176986694336, 3.932224988937378, 4.283245086669922]",21,0,-1,0
3771,324,20180822392832.0,C9 C9 C9 C9 _ _ ,"[1.3430769443511963, 1.4630837440490723, 1.6260931491851807, 1.6310935020446777, 1.8831079006195068, 2.020115613937378, 2.150122880935669]",0,1,-1,0
