4279,1,20190213439488.0,E8 Ab8 B8 E9 _ _ ,"[652.2173047065735, 0.5660324096679688, 0.7350420951843262, 1.0860621929168701, 1.2940740585327148, 2.1741244792938232]",0,1,-1,0
4279,2,20190213439488.0,E8 Ab8 B8 E9 _ _ ,"[0.9910564422607422, 5.0872907638549805, 5.1342933177948, 5.310303688049316, 5.42231011390686, 5.502314329147339, 5.856334686279297, 5.870335578918457, 5.98134183883667]",0,0,0,0
4279,3,20190213439488.0,E8 Ab8 B8 E9 _ _ ,"[2.234127998352051, 2.3141322135925293, 2.4431397914886475, 2.507143497467041, 2.6981542110443115, 5.288302421569824, 5.3203041553497314, 5.8053319454193115]",0,1,-1,0
4279,4,20190213439488.0,E8 Ab8 B8 E9 _ _ ,[],0,0,0,1
4279,5,20190213439488.0,E8 Ab8 B8 E9 _ _ ,"[0.482027530670166, 1.9681127071380615]",0,0,0,0
4279,6,20190213439488.0,E8 Ab8 B8 E9 _ _ ,[0.4000229835510254],0,0,0,0
4279,7,20190213439488.0,E8 Ab8 B8 E9 _ _ ,[],0,0,0,0
4279,8,20190213439488.0,E8 Ab8 B8 E9 _ _ ,[],0,0,0,0
4279,9,20190213439488.0,E8 Ab8 B8 E9 _ _ ,[],0,0,0,0
4279,10,20190213439488.0,E8 Ab8 B8 E9 _ _ ,[],0,0,0,0
4279,11,20190213439488.0,E8 Ab8 B8 E9 _ _ ,[],0,0,0,1
4279,12,20190213439488.0,E8 Ab8 B8 E9 _ _ ,[2.623149871826172],0,1,-1,0
4279,13,20190213439488.0,E8 Ab8 B8 E9 _ _ ,"[7.181410551071167, 7.261415243148804, 7.357420921325684]",0,0,0,1
4279,14,20190213439488.0,E8 Ab8 B8 E9 _ _ ,"[0.03200197219848633, 0.1740100383758545, 0.32001829147338867, 0.4320247173309326, 0.5600321292877197, 0.6240355968475342, 0.9120521545410156, 3.439196825027466, 3.567203998565674, 3.8552205562591553, 4.1272358894348145, 4.287245273590088, 4.399251461029053, 4.52725887298584, 4.799274682998657, 6.116349697113037, 6.49437141418457]",0,1,-1,0
4279,15,20190213439488.0,E8 Ab8 B8 E9 _ _ ,[],0,0,0,0
4279,16,20190213439488.0,E8 Ab8 B8 E9 _ _ ,[],0,0,0,0
4279,17,20190213439488.0,E8 Ab8 B8 E9 _ _ ,[],0,0,0,0
4279,18,20190213439488.0,E8 Ab8 B8 E9 _ _ ,[],0,0,0,0
4279,19,20190213439488.0,E8 Ab8 B8 E9 _ _ ,[],0,0,0,1
4279,20,20190213439488.0,E8 Ab8 B8 E9 _ _ ,[2.478142023086548],0,1,-1,0
4279,21,20190213439488.0,E8 Ab8 B8 E9 _ _ ,"[0.7360420227050781, 1.056060552597046, 1.5040860176086426]",0,0,0,1
4279,22,20190213439488.0,E8 Ab8 B8 E9 _ _ ,[],0,0,0,0
4279,23,20190213439488.0,E8 Ab8 B8 E9 _ _ ,[],0,0,0,1
4279,24,20190213439488.0,E8 Ab8 B8 E9 _ _ ,[1.78910231590271],0,0,0,1
4279,25,20190213439488.0,E8 Ab8 B8 E9 _ _ ,"[2.302131414413452, 2.878164529800415]",0,1,-1,0
4279,26,20190213439488.0,E8 Ab8 B8 E9 _ _ ,"[0.6700384616851807, 1.2460713386535645, 1.4380824565887451, 1.8701071739196777, 2.3341336250305176]",0,1,-1,0
4279,27,20190213439488.0,E8 Ab8 B8 E9 _ _ ,[],0,0,0,1
4279,28,20190213439488.0,E8 Ab8 B8 E9 _ _ ,"[1.1350650787353516, 1.7270989418029785]",0,0,0,0
4279,29,20190213439488.0,E8 Ab8 B8 E9 _ _ ,"[0.7680439949035645, 0.9760558605194092, 1.299074411392212, 1.7481000423431396]",0,0,0,0
4279,30,20190213439488.0,E8 Ab8 B8 E9 _ _ ,[0.8780500888824463],0,0,0,0
4279,31,20190213439488.0,E8 Ab8 B8 E9 _ _ ,"[1.3610775470733643, 1.80910325050354]",0,0,0,1
4279,32,20190213439488.0,E8 Ab8 B8 E9 _ _ ,[],0,0,0,1
4279,33,20190213439488.0,E8 Ab8 B8 E9 _ _ ,[2.031116008758545],0,1,-1,1
4279,34,20190213439488.0,E8 Ab8 B8 E9 _ _ ,"[1.2430708408355713, 2.283130407333374]",0,1,-1,0
4279,35,20190213439488.0,E8 Ab8 B8 E9 _ _ ,"[5.8103320598602295, 5.892336845397949]",0,0,0,1
4279,36,20190213439488.0,E8 Ab8 B8 E9 _ _ ,[2.8311617374420166],0,1,-1,0
4279,37,20190213439488.0,E8 Ab8 B8 E9 _ _ ,"[1.3760786056518555, 2.2561287879943848]",0,1,-1,0
4279,38,20190213439488.0,E8 Ab8 B8 E9 _ _ ,[2.135122060775757],0,1,-1,0
4279,39,20190213439488.0,E8 Ab8 B8 E9 _ _ ,[],0,0,0,1
4279,40,20190213439488.0,E8 Ab8 B8 E9 _ _ ,[2.9231672286987305],0,1,-1,0
4279,41,20190213439488.0,E8 Ab8 B8 E9 _ _ ,"[0.8480484485626221, 1.3900794982910156, 1.55008864402771]",0,0,0,0
4279,42,20190213439488.0,E8 Ab8 B8 E9 _ _ ,[],0,0,0,1
4279,43,20190213439488.0,E8 Ab8 B8 E9 _ _ ,[],0,0,0,0
4279,44,20190213439488.0,E8 Ab8 B8 E9 _ _ ,"[0.08000445365905762, 0.3060173988342285, 0.3690211772918701, 0.484027624130249, 0.7360420227050781, 0.8480484485626221, 1.200068473815918, 1.8231041431427002, 1.8391051292419434, 2.0961196422576904, 3.5042004585266113, 3.6312077045440674, 3.6642096042633057, 4.271244287490845, 4.62326455116272, 4.639265298843384, 4.703269004821777]",0,1,-1,1
4279,45,20190213439488.0,E8 Ab8 B8 E9 _ _ ,[0.03200173377990723],0,0,0,0
4279,46,20190213439488.0,E8 Ab8 B8 E9 _ _ ,"[1.3410768508911133, 2.6561522483825684]",0,1,-1,0
4279,47,20190213439488.0,E8 Ab8 B8 E9 _ _ ,"[0.32701897621154785, 0.7520430088043213, 1.2160696983337402]",0,0,0,0
4279,48,20190213439488.0,E8 Ab8 B8 E9 _ _ ,[],0,0,0,1
4279,49,20190213439488.0,E8 Ab8 B8 E9 _ _ ,"[6.421367168426514, 6.558375120162964]",0,0,0,0
4279,50,20190213439488.0,E8 Ab8 B8 E9 _ _ ,[],0,0,0,0
4279,51,20190213439488.0,E8 Ab8 B8 E9 _ _ ,[],0,0,0,0
4279,52,20190213439488.0,E8 Ab8 B8 E9 _ _ ,[0.8170464038848877],0,0,0,0
4279,53,20190213439488.0,E8 Ab8 B8 E9 _ _ ,"[0.7620434761047363, 0.9990570545196533, 1.4130806922912598, 1.7510998249053955]",0,0,0,1
4279,54,20190213439488.0,E8 Ab8 B8 E9 _ _ ,[1.3490769863128662],0,0,0,0
4279,55,20190213439488.0,E8 Ab8 B8 E9 _ _ ,[1.5170867443084717],0,0,0,1
4279,56,20190213439488.0,E8 Ab8 B8 E9 _ _ ,"[4.047231435775757, 4.431253433227539]",0,1,-1,0
4279,57,20190213439488.0,E8 Ab8 B8 E9 _ _ ,"[1.5120863914489746, 3.0701754093170166]",0,1,-1,0
4279,58,20190213439488.0,E8 Ab8 B8 E9 _ _ ,"[1.0400593280792236, 3.6642096042633057]",0,1,-1,0
4279,59,20190213439488.0,E8 Ab8 B8 E9 _ _ ,[],0,0,0,0
4279,60,20190213439488.0,E8 Ab8 B8 E9 _ _ ,[3.3751933574676514],0,1,-1,0
4279,61,20190213439488.0,E8 Ab8 B8 E9 _ _ ,[],0,0,0,1
4279,62,20190213439488.0,E8 Ab8 B8 E9 _ _ ,[3.0241730213165283],0,1,-1,0
4279,63,20190213439488.0,E8 Ab8 B8 E9 _ _ ,[1.8391051292419434],0,0,0,0
4279,64,20190213439488.0,E8 Ab8 B8 E9 _ _ ,[],0,0,0,0
4279,65,20190213439488.0,E8 Ab8 B8 E9 _ _ ,[],0,0,0,0
4279,66,20190213439488.0,E8 Ab8 B8 E9 _ _ ,[],0,0,0,0
4279,67,20190213439488.0,E8 Ab8 B8 E9 _ _ ,[],0,0,0,1
4279,68,20190213439488.0,E8 Ab8 B8 E9 _ _ ,"[1.8451054096221924, 2.2451283931732178, 2.7091548442840576]",0,1,-1,0
4279,69,20190213439488.0,E8 Ab8 B8 E9 _ _ ,"[0.8910510540008545, 1.085062026977539, 1.4440827369689941, 1.6430940628051758, 2.138122320175171, 2.8261616230010986]",0,1,-1,0
4279,70,20190213439488.0,E8 Ab8 B8 E9 _ _ ,[1.8801076412200928],0,0,0,0
4279,71,20190213439488.0,E8 Ab8 B8 E9 _ _ ,"[2.0621178150177, 2.4301388263702393]",0,1,-1,0
4279,72,20190213439488.0,E8 Ab8 B8 E9 _ _ ,[],0,0,0,0
4279,73,20190213439488.0,E8 Ab8 B8 E9 _ _ ,[],0,0,0,0
4279,74,20190213439488.0,E8 Ab8 B8 E9 _ _ ,[],0,0,0,0
4279,75,20190213439488.0,E8 Ab8 B8 E9 _ _ ,[],0,0,0,0
4279,76,20190213439488.0,E8 Ab8 B8 E9 _ _ ,[],0,0,0,0
4279,77,20190213439488.0,E8 Ab8 B8 E9 _ _ ,[],0,0,0,0
4279,78,20190213439488.0,E8 Ab8 B8 E9 _ _ ,[7.131408214569092],0,0,0,1
4279,79,20190213439488.0,E8 Ab8 B8 E9 _ _ ,[],0,0,0,0
4279,80,20190213439488.0,E8 Ab8 B8 E9 _ _ ,[],0,0,0,1
4279,81,20190213439488.0,E8 Ab8 B8 E9 _ _ ,[],0,0,0,0
4279,82,20190213439488.0,E8 Ab8 B8 E9 _ _ ,"[1.552088737487793, 2.159123420715332]",0,1,-1,0
4279,83,20190213439488.0,E8 Ab8 B8 E9 _ _ ,[],0,0,0,1
4279,84,20190213439488.0,E8 Ab8 B8 E9 _ _ ,[1.2400705814361572],0,0,0,0
4279,85,20190213439488.0,E8 Ab8 B8 E9 _ _ ,[2.0791187286376953],0,1,-1,0
4279,86,20190213439488.0,E8 Ab8 B8 E9 _ _ ,[],0,0,0,0
4279,87,20190213439488.0,E8 Ab8 B8 E9 _ _ ,[2.3481342792510986],0,1,-1,0
4279,88,20190213439488.0,E8 Ab8 B8 E9 _ _ ,[1.9371109008789062],0,0,0,0
4279,89,20190213439488.0,E8 Ab8 B8 E9 _ _ ,[],0,0,0,0
4279,90,20190213439488.0,E8 Ab8 B8 E9 _ _ ,[],0,0,0,0
4279,91,20190213439488.0,E8 Ab8 B8 E9 _ _ ,[],0,0,0,0
4279,92,20190213439488.0,E8 Ab8 B8 E9 _ _ ,"[2.5921483039855957, 2.8161611557006836]",0,1,-1,0
4279,93,20190213439488.0,E8 Ab8 B8 E9 _ _ ,[],0,0,0,0
4279,94,20190213439488.0,E8 Ab8 B8 E9 _ _ ,[],0,0,0,1
4279,95,20190213439488.0,E8 Ab8 B8 E9 _ _ ,"[0.718041181564331, 1.5340876579284668]",0,0,0,0
4279,96,20190213439488.0,E8 Ab8 B8 E9 _ _ ,"[0.8040459156036377, 1.2370705604553223, 1.686096429824829, 2.294131278991699, 2.516143798828125, 2.6921539306640625, 3.3001885414123535]",0,1,-1,0
4279,97,20190213439488.0,E8 Ab8 B8 E9 _ _ ,[],0,0,0,0
4279,98,20190213439488.0,E8 Ab8 B8 E9 _ _ ,"[0.6090347766876221, 0.7260415554046631, 0.8000459671020508, 0.9090518951416016, 1.1610665321350098, 1.4020802974700928, 1.546088457107544, 1.7220983505249023, 2.4251387119293213, 2.5901482105255127, 3.6252074241638184, 4.233242034912109, 4.536259651184082, 4.920281410217285, 5.016287088394165, 5.064289569854736, 5.368306875228882, 5.736327886581421, 6.29636025428772]",0,1,-1,0
4279,99,20190213439488.0,E8 Ab8 B8 E9 _ _ ,"[0.6870391368865967, 1.07206130027771, 6.447368621826172, 6.574376106262207, 6.798388957977295, 7.038402557373047, 7.27941632270813]",0,0,0,1
4279,100,20190213439488.0,E8 Ab8 B8 E9 _ _ ,"[0.011000871658325195, 1.7701013088226318, 2.2031261920928955, 2.362135410308838]",0,1,-1,0
4279,101,20190213439488.0,E8 Ab8 B8 E9 _ _ ,"[2.0461173057556152, 2.4461400508880615]",0,1,-1,0
4279,102,20190213439488.0,E8 Ab8 B8 E9 _ _ ,"[1.3270759582519531, 2.5451455116271973]",0,1,-1,0
4279,103,20190213439488.0,E8 Ab8 B8 E9 _ _ ,[1.8241040706634521],0,0,0,1
4279,104,20190213439488.0,E8 Ab8 B8 E9 _ _ ,[],0,0,0,0
4279,105,20190213439488.0,E8 Ab8 B8 E9 _ _ ,[1.8081035614013672],0,0,0,0
4279,106,20190213439488.0,E8 Ab8 B8 E9 _ _ ,[1.8561060428619385],0,0,0,1
4279,107,20190213439488.0,E8 Ab8 B8 E9 _ _ ,[1.1320648193359375],0,0,0,0
4279,108,20190213439488.0,E8 Ab8 B8 E9 _ _ ,[],0,0,0,0
4279,109,20190213439488.0,E8 Ab8 B8 E9 _ _ ,"[1.3120753765106201, 1.5350878238677979, 1.91910982131958, 2.3511345386505127]",0,1,-1,0
4279,110,20190213439488.0,E8 Ab8 B8 E9 _ _ ,[],0,0,0,0
4279,111,20190213439488.0,E8 Ab8 B8 E9 _ _ ,[],0,0,0,1
4279,112,20190213439488.0,E8 Ab8 B8 E9 _ _ ,[],0,0,0,1
4279,113,20190213439488.0,E8 Ab8 B8 E9 _ _ ,[],0,0,0,0
4279,114,20190213439488.0,E8 Ab8 B8 E9 _ _ ,"[1.1010627746582031, 1.549088478088379]",0,0,0,0
4279,115,20190213439488.0,E8 Ab8 B8 E9 _ _ ,[],0,0,0,0
4279,116,20190213439488.0,E8 Ab8 B8 E9 _ _ ,[],0,0,0,0
4279,117,20190213439488.0,E8 Ab8 B8 E9 _ _ ,[],0,0,0,0
4279,118,20190213439488.0,E8 Ab8 B8 E9 _ _ ,[1.433081865310669],0,0,0,1
4279,119,20190213439488.0,E8 Ab8 B8 E9 _ _ ,"[1.199068546295166, 1.3910794258117676, 1.6310932636260986, 1.8331048488616943, 3.615206480026245]",0,1,-1,1
4279,120,20190213439488.0,E8 Ab8 B8 E9 _ _ ,[],0,0,0,0
4279,121,20190213439488.0,E8 Ab8 B8 E9 _ _ ,[],0,0,0,1
4279,122,20190213439488.0,E8 Ab8 B8 E9 _ _ ,[],0,0,0,0
4279,123,20190213439488.0,E8 Ab8 B8 E9 _ _ ,[1.1520657539367676],0,0,0,0
4279,124,20190213439488.0,E8 Ab8 B8 E9 _ _ ,[2.176124334335327],0,1,-1,0
4279,125,20190213439488.0,E8 Ab8 B8 E9 _ _ ,[],0,0,0,0
4279,126,20190213439488.0,E8 Ab8 B8 E9 _ _ ,[2.0001144409179688],0,1,-1,0
4279,127,20190213439488.0,E8 Ab8 B8 E9 _ _ ,"[1.1200640201568604, 1.5350878238677979, 1.9301104545593262]",0,0,0,0
4279,128,20190213439488.0,E8 Ab8 B8 E9 _ _ ,[2.4291388988494873],0,1,-1,0
4279,129,20190213439488.0,E8 Ab8 B8 E9 _ _ ,[2.4701414108276367],0,1,-1,0
4279,130,20190213439488.0,E8 Ab8 B8 E9 _ _ ,[1.3580777645111084],0,0,0,1
4279,131,20190213439488.0,E8 Ab8 B8 E9 _ _ ,[],0,0,0,0
4279,132,20190213439488.0,E8 Ab8 B8 E9 _ _ ,[1.552088737487793],0,0,0,0
4279,133,20190213439488.0,E8 Ab8 B8 E9 _ _ ,[1.5390877723693848],0,0,0,0
4279,134,20190213439488.0,E8 Ab8 B8 E9 _ _ ,[],0,0,0,0
4279,135,20190213439488.0,E8 Ab8 B8 E9 _ _ ,[],0,0,0,0
4279,136,20190213439488.0,E8 Ab8 B8 E9 _ _ ,[],0,0,0,0
4279,137,20190213439488.0,E8 Ab8 B8 E9 _ _ ,"[0.8850502967834473, 2.038116216659546]",0,1,-1,1
4279,138,20190213439488.0,E8 Ab8 B8 E9 _ _ ,"[1.2150695323944092, 1.4710843563079834, 1.8071036338806152]",0,0,0,0
4279,139,20190213439488.0,E8 Ab8 B8 E9 _ _ ,[],0,0,0,0
4279,140,20190213439488.0,E8 Ab8 B8 E9 _ _ ,[],0,0,0,1
4279,141,20190213439488.0,E8 Ab8 B8 E9 _ _ ,[],0,0,0,0
4279,142,20190213439488.0,E8 Ab8 B8 E9 _ _ ,[1.7360992431640625],0,0,0,0
4279,143,20190213439488.0,E8 Ab8 B8 E9 _ _ ,"[1.2440710067749023, 1.4850847721099854, 1.6560947895050049, 1.8491058349609375]",0,0,0,1
4279,144,20190213439488.0,E8 Ab8 B8 E9 _ _ ,[2.496142625808716],0,1,-1,0
4279,145,20190213439488.0,E8 Ab8 B8 E9 _ _ ,"[0.832047700881958, 1.2300703525543213, 2.012115001678467]",0,1,-1,0
4279,146,20190213439488.0,E8 Ab8 B8 E9 _ _ ,[],0,0,0,1
4279,147,20190213439488.0,E8 Ab8 B8 E9 _ _ ,[],0,0,0,0
4279,148,20190213439488.0,E8 Ab8 B8 E9 _ _ ,[],0,0,0,0
4279,149,20190213439488.0,E8 Ab8 B8 E9 _ _ ,"[1.4850850105285645, 1.8721070289611816, 2.2271273136138916, 2.2361278533935547]",0,1,-1,0
4279,150,20190213439488.0,E8 Ab8 B8 E9 _ _ ,[1.679095983505249],0,0,0,0
4279,151,20190213439488.0,E8 Ab8 B8 E9 _ _ ,[],0,0,0,1
4279,152,20190213439488.0,E8 Ab8 B8 E9 _ _ ,"[0.7270417213439941, 1.2230701446533203, 1.4860851764678955, 1.8151037693023682, 1.9751131534576416]",0,1,-1,0
4279,153,20190213439488.0,E8 Ab8 B8 E9 _ _ ,"[1.4690840244293213, 1.8211040496826172, 6.796388626098633, 6.892394304275513, 7.004400730133057, 7.248414516448975]",0,0,0,0
4279,154,20190213439488.0,E8 Ab8 B8 E9 _ _ ,"[0.19401121139526367, 0.4930281639099121, 1.3570778369903564, 1.8371052742004395, 5.099291801452637, 5.3233044147491455]",0,0,0,0
4279,155,20190213439488.0,E8 Ab8 B8 E9 _ _ ,[],0,0,0,1
4279,156,20190213439488.0,E8 Ab8 B8 E9 _ _ ,"[1.2790734767913818, 1.647094488143921, 2.4171383380889893]",0,1,-1,0
4279,157,20190213439488.0,E8 Ab8 B8 E9 _ _ ,[],0,0,0,0
4279,158,20190213439488.0,E8 Ab8 B8 E9 _ _ ,[],0,0,0,0
4279,159,20190213439488.0,E8 Ab8 B8 E9 _ _ ,[],0,0,0,0
4279,160,20190213439488.0,E8 Ab8 B8 E9 _ _ ,[],0,0,0,0
4279,161,20190213439488.0,E8 Ab8 B8 E9 _ _ ,[],0,0,0,0
4279,162,20190213439488.0,E8 Ab8 B8 E9 _ _ ,[1.897108793258667],0,0,0,0
4279,163,20190213439488.0,E8 Ab8 B8 E9 _ _ ,[],0,0,0,0
4279,164,20190213439488.0,E8 Ab8 B8 E9 _ _ ,[1.903109073638916],0,0,0,1
4279,165,20190213439488.0,E8 Ab8 B8 E9 _ _ ,[],0,0,0,0
4279,166,20190213439488.0,E8 Ab8 B8 E9 _ _ ,[],0,0,0,0
4279,167,20190213439488.0,E8 Ab8 B8 E9 _ _ ,[1.9941141605377197],0,1,-1,0
4279,168,20190213439488.0,E8 Ab8 B8 E9 _ _ ,[1.9401111602783203],0,0,0,0
4279,169,20190213439488.0,E8 Ab8 B8 E9 _ _ ,[],0,0,0,1
4279,170,20190213439488.0,E8 Ab8 B8 E9 _ _ ,[],0,0,0,1
4279,171,20190213439488.0,E8 Ab8 B8 E9 _ _ ,[],0,0,0,0
4279,172,20190213439488.0,E8 Ab8 B8 E9 _ _ ,[2.624150276184082],0,1,-1,0
4279,173,20190213439488.0,E8 Ab8 B8 E9 _ _ ,[1.7771015167236328],0,0,0,0
4279,174,20190213439488.0,E8 Ab8 B8 E9 _ _ ,[],0,0,0,0
4279,175,20190213439488.0,E8 Ab8 B8 E9 _ _ ,[],0,0,0,0
4279,176,20190213439488.0,E8 Ab8 B8 E9 _ _ ,[],0,0,0,1
4279,177,20190213439488.0,E8 Ab8 B8 E9 _ _ ,[],0,0,0,0
4279,178,20190213439488.0,E8 Ab8 B8 E9 _ _ ,[],0,0,0,0
4279,179,20190213439488.0,E8 Ab8 B8 E9 _ _ ,[],0,0,0,1
4279,180,20190213439488.0,E8 Ab8 B8 E9 _ _ ,[],0,0,0,0
4279,181,20190213439488.0,E8 Ab8 B8 E9 _ _ ,[],0,0,0,1
4279,182,20190213439488.0,E8 Ab8 B8 E9 _ _ ,[1.2200698852539062],0,0,0,0
4279,183,20190213439488.0,E8 Ab8 B8 E9 _ _ ,"[1.4880852699279785, 1.8571062088012695, 2.3571348190307617, 2.639151096343994]",0,1,-1,0
4279,184,20190213439488.0,E8 Ab8 B8 E9 _ _ ,[],0,0,0,0
4279,185,20190213439488.0,E8 Ab8 B8 E9 _ _ ,[],0,0,0,0
4279,186,20190213439488.0,E8 Ab8 B8 E9 _ _ ,[],0,0,0,1
4279,187,20190213439488.0,E8 Ab8 B8 E9 _ _ ,[],0,0,0,0
4279,188,20190213439488.0,E8 Ab8 B8 E9 _ _ ,[],0,0,0,0
4279,189,20190213439488.0,E8 Ab8 B8 E9 _ _ ,[],0,0,0,0
4279,190,20190213439488.0,E8 Ab8 B8 E9 _ _ ,[],0,0,0,0
4279,191,20190213439488.0,E8 Ab8 B8 E9 _ _ ,[],0,0,0,0
4279,192,20190213439488.0,E8 Ab8 B8 E9 _ _ ,[],0,0,0,0
4279,193,20190213439488.0,E8 Ab8 B8 E9 _ _ ,[1.7270987033843994],0,0,0,1
4279,194,20190213439488.0,E8 Ab8 B8 E9 _ _ ,"[1.4260814189910889, 2.030116081237793]",0,1,-1,0
4279,195,20190213439488.0,E8 Ab8 B8 E9 _ _ ,[],0,0,0,0
4279,196,20190213439488.0,E8 Ab8 B8 E9 _ _ ,[],0,0,0,0
4279,197,20190213439488.0,E8 Ab8 B8 E9 _ _ ,[],0,0,0,0
4279,198,20190213439488.0,E8 Ab8 B8 E9 _ _ ,[],0,0,0,0
4279,199,20190213439488.0,E8 Ab8 B8 E9 _ _ ,"[3.5562033653259277, 3.7522144317626953, 3.9072234630584717, 5.491314172744751]",0,1,-1,1
4279,200,20190213439488.0,E8 Ab8 B8 E9 _ _ ,[1.1750671863555908],0,0,0,0
4279,201,20190213439488.0,E8 Ab8 B8 E9 _ _ ,[],0,0,0,1
4279,202,20190213439488.0,E8 Ab8 B8 E9 _ _ ,[],0,0,0,0
4279,203,20190213439488.0,E8 Ab8 B8 E9 _ _ ,[],0,0,0,0
4279,204,20190213439488.0,E8 Ab8 B8 E9 _ _ ,[],0,0,0,0
4279,205,20190213439488.0,E8 Ab8 B8 E9 _ _ ,"[1.4760842323303223, 1.8911082744598389, 2.3711354732513428]",0,1,-1,0
4279,206,20190213439488.0,E8 Ab8 B8 E9 _ _ ,[],0,0,0,0
4279,207,20190213439488.0,E8 Ab8 B8 E9 _ _ ,[],0,0,0,0
4279,208,20190213439488.0,E8 Ab8 B8 E9 _ _ ,[],0,0,0,0
4279,209,20190213439488.0,E8 Ab8 B8 E9 _ _ ,"[1.790102243423462, 2.2381279468536377, 2.750157117843628]",0,1,-1,0
4279,210,20190213439488.0,E8 Ab8 B8 E9 _ _ ,"[0.7550432682037354, 1.6130921840667725]",0,0,0,1
4279,211,20190213439488.0,E8 Ab8 B8 E9 _ _ ,[],0,0,0,0
4279,212,20190213439488.0,E8 Ab8 B8 E9 _ _ ,"[1.2070691585540771, 1.6550946235656738, 2.0871195793151855]",0,1,-1,0
4279,213,20190213439488.0,E8 Ab8 B8 E9 _ _ ,[1.8971083164215088],0,0,0,0
4279,214,20190213439488.0,E8 Ab8 B8 E9 _ _ ,[2.368135690689087],0,1,-1,0
4279,215,20190213439488.0,E8 Ab8 B8 E9 _ _ ,[],0,0,0,0
4279,216,20190213439488.0,E8 Ab8 B8 E9 _ _ ,[1.6960968971252441],0,0,0,0
4279,217,20190213439488.0,E8 Ab8 B8 E9 _ _ ,[],0,0,0,1
4279,218,20190213439488.0,E8 Ab8 B8 E9 _ _ ,[],0,0,0,0
4279,219,20190213439488.0,E8 Ab8 B8 E9 _ _ ,[2.385136365890503],0,1,-1,0
4279,220,20190213439488.0,E8 Ab8 B8 E9 _ _ ,[],0,0,0,0
4279,221,20190213439488.0,E8 Ab8 B8 E9 _ _ ,[],0,0,0,0
4279,222,20190213439488.0,E8 Ab8 B8 E9 _ _ ,"[0.3190183639526367, 0.6400365829467773, 0.6880395412445068, 0.8480484485626221, 2.0991201400756836, 2.2081263065338135, 2.512143611907959, 6.110349655151367, 6.318361520767212, 6.44636869430542]",0,1,-1,1
4279,223,20190213439488.0,E8 Ab8 B8 E9 _ _ ,"[0.832047700881958, 5.247300148010254, 5.455312252044678, 5.724327564239502, 5.935339689254761]",0,0,0,0
4279,224,20190213439488.0,E8 Ab8 B8 E9 _ _ ,"[0.3350191116333008, 0.46402645111083984]",0,0,0,1
4279,225,20190213439488.0,E8 Ab8 B8 E9 _ _ ,"[1.316075325012207, 1.7280988693237305, 2.064117908477783, 2.2431282997131348]",0,1,-1,0
4279,226,20190213439488.0,E8 Ab8 B8 E9 _ _ ,[],0,0,0,0
4279,227,20190213439488.0,E8 Ab8 B8 E9 _ _ ,"[1.5980913639068604, 5.8053319454193115, 6.013343811035156, 6.190353870391846, 6.461369514465332, 6.749385833740234, 6.976398944854736, 7.260415077209473]",0,0,0,0
4279,228,20190213439488.0,E8 Ab8 B8 E9 _ _ ,"[0.049002885818481445, 0.24001383781433105, 1.074061393737793, 1.4080805778503418]",0,0,0,1
4279,229,20190213439488.0,E8 Ab8 B8 E9 _ _ ,[],0,0,0,0
4279,230,20190213439488.0,E8 Ab8 B8 E9 _ _ ,"[5.159294843673706, 5.287302255630493, 5.383307695388794, 5.479313373565674, 5.605320453643799, 5.655323266983032, 5.943339824676514, 6.094348430633545, 6.29535984992981, 6.4073662757873535, 7.14240837097168]",0,0,0,0
4279,231,20190213439488.0,E8 Ab8 B8 E9 _ _ ,"[0.17700982093811035, 1.0230584144592285, 3.009171962738037, 3.103177309036255, 3.601206064224243, 3.9022231101989746, 4.159237861633301, 4.798274517059326]",0,1,-1,0
4279,232,20190213439488.0,E8 Ab8 B8 E9 _ _ ,[],0,0,0,1
4279,233,20190213439488.0,E8 Ab8 B8 E9 _ _ ,"[0.5730330944061279, 0.7660439014434814, 1.070061445236206]",0,0,0,1
4279,234,20190213439488.0,E8 Ab8 B8 E9 _ _ ,[],0,0,0,0
4279,235,20190213439488.0,E8 Ab8 B8 E9 _ _ ,[],0,0,0,1
4279,236,20190213439488.0,E8 Ab8 B8 E9 _ _ ,[],0,0,0,0
4279,237,20190213439488.0,E8 Ab8 B8 E9 _ _ ,[],0,0,0,0
4279,238,20190213439488.0,E8 Ab8 B8 E9 _ _ ,"[0.7290418148040771, 1.310075283050537, 2.046117067337036]",0,1,-1,0
4279,239,20190213439488.0,E8 Ab8 B8 E9 _ _ ,[],0,0,0,0
4279,240,20190213439488.0,E8 Ab8 B8 E9 _ _ ,[],0,0,0,1
4279,241,20190213439488.0,E8 Ab8 B8 E9 _ _ ,[],0,0,0,1
4279,242,20190213439488.0,E8 Ab8 B8 E9 _ _ ,[],0,0,0,0
4279,243,20190213439488.0,E8 Ab8 B8 E9 _ _ ,[],0,0,0,1
4279,244,20190213439488.0,E8 Ab8 B8 E9 _ _ ,[],0,0,0,0
4279,245,20190213439488.0,E8 Ab8 B8 E9 _ _ ,[],0,0,0,0
4279,246,20190213439488.0,E8 Ab8 B8 E9 _ _ ,[],0,0,0,0
4279,247,20190213439488.0,E8 Ab8 B8 E9 _ _ ,[1.2660725116729736],0,0,0,0
4279,248,20190213439488.0,E8 Ab8 B8 E9 _ _ ,[],0,0,0,0
4279,249,20190213439488.0,E8 Ab8 B8 E9 _ _ ,[],0,0,0,0
4279,250,20190213439488.0,E8 Ab8 B8 E9 _ _ ,[],0,0,0,0
4279,251,20190213439488.0,E8 Ab8 B8 E9 _ _ ,[],0,0,0,0
